Applications Graphics Acceleration Info:
Uptime: 98183193 Realtime: 98183193

** Graphics info for pid 21043 [io.github.openclawcn.app] **

Stats since: 98058704480920ns
Total frames rendered: 887
Janky frames: 731 (82.41%)
Janky frames (legacy): 401 (45.21%)
50th percentile: 27ms
90th percentile: 97ms
95th percentile: 117ms
99th percentile: 150ms
Number Missed Vsync: 69
Number High input latency: 259
Number Slow UI thread: 233
Number Slow bitmap uploads: 1
Number Slow issue draw commands: 301
Number Frame deadline missed: 731
Number Frame deadline missed (legacy): 267
HISTOGRAM: 5ms=0 6ms=0 7ms=0 8ms=0 9ms=0 10ms=1 11ms=0 12ms=0 13ms=17 14ms=30 15ms=15 16ms=12 17ms=16 18ms=14 19ms=31 20ms=58 21ms=57 22ms=73 23ms=51 24ms=33 25ms=21 26ms=10 27ms=6 28ms=4 29ms=5 30ms=6 31ms=5 32ms=27 34ms=9 36ms=12 38ms=14 40ms=4 42ms=9 44ms=11 46ms=8 48ms=41 53ms=40 57ms=23 61ms=21 65ms=29 69ms=16 73ms=11 77ms=7 81ms=17 85ms=8 89ms=10 93ms=14 97ms=10 101ms=8 105ms=6 109ms=4 113ms=9 117ms=10 121ms=9 125ms=5 129ms=10 133ms=3 150ms=12 200ms=0 250ms=1 300ms=0 350ms=0 400ms=1 450ms=3 500ms=0 550ms=0 600ms=0 650ms=0 700ms=0 750ms=0 800ms=0 850ms=0 900ms=0 950ms=0 1000ms=0 1050ms=0 1100ms=0 1150ms=0 1200ms=0 1250ms=0 1300ms=0 1350ms=0 1400ms=0 1450ms=0 1500ms=0 1550ms=0 1600ms=0 1650ms=0 1700ms=0 1750ms=0 1800ms=0 1850ms=0 1900ms=0 1950ms=0 2000ms=0 2050ms=0 2100ms=0 2150ms=0 2200ms=0 2250ms=0 2300ms=0 2350ms=0 2400ms=0 2450ms=0 2500ms=0 2550ms=0 2600ms=0 2650ms=0 2700ms=0 2750ms=0 2800ms=0 2850ms=0 2900ms=0 2950ms=0 3000ms=0 3050ms=0 3100ms=0 3150ms=0 3200ms=0 3250ms=0 3300ms=0 3350ms=0 3400ms=0 3450ms=0 3500ms=0 3550ms=0 3600ms=0 3650ms=0 3700ms=0 3750ms=0 3800ms=0 3850ms=0 3900ms=0 3950ms=0 4000ms=0 4050ms=0 4100ms=0 4150ms=0 4200ms=0 4250ms=0 4300ms=0 4350ms=0 4400ms=0 4450ms=0 4500ms=0 4550ms=0 4600ms=0 4650ms=0 4700ms=0 4750ms=0 4800ms=0 4850ms=0 4900ms=0 4950ms=0
50th gpu percentile: 8ms
90th gpu percentile: 10ms
95th gpu percentile: 11ms
99th gpu percentile: 12ms
GPU HISTOGRAM: 1ms=0 2ms=0 3ms=0 4ms=0 5ms=3 6ms=110 7ms=234 8ms=224 9ms=214 10ms=56 11ms=23 12ms=17 13ms=1 14ms=3 15ms=0 16ms=0 17ms=1 18ms=0 19ms=0 20ms=1 21ms=0 22ms=0 23ms=0 24ms=0 25ms=0 4950ms=0

Pipeline=Skia (OpenGL)
Memory policy:
  Max surface area: 2304000
  Max resource usage: 331.78MB (x144)
  Background retention: 50% (altUiHidden = true)
  GPU Context timeout: 10
Contexts: 1 (stopped = 0)
CPU Caches:
  Glyph Cache: 224.42 KB (1 entry)
  Shadows: 2.06 KB (1 entry)
  Glyph Count: 58 
Total CPU memory usage:
  231918 bytes, 226.48 KB (0.00 bytes is purgeable)

GPU Caches:
  SW Path Mask:
    Texture: 235.55 KB (1 entry)
  Other:
    Other: 99.81 KB (1 entry)
    Buffer Object: 2.05 KB (2 entries)
  Image:
    Texture: 9.67 KB (12 entries)
  Scratch:
    RenderTarget: 6.25 MB (1 entry)
    Buffer Object: 78.00 KB (2 entries)
    Texture: 4.00 MB (2 entries)
Total GPU memory usage:
  11183185 bytes, 10.67 MB (6.48 MB is purgeable)

GraphicBufferAllocator buffers:
        Handle |        Size |     W (Stride) x H | Layers |   Format |      Usage | Requestor
0xb400007a61a45030 | 9120.00 KiB | 1200 (1216) x 1920 |      1 |        1 | 0x40000000000b00 | VRI[MainActivity]#0(BLAST Consumer)0
0xb400007a61a59090 | 9120.00 KiB | 1200 (1216) x 1920 |      1 |        1 | 0x40000000000b00 | VRI[MainActivity]#0(BLAST Consumer)0
0xb400007a61a627d0 | 9120.00 KiB | 1200 (1216) x 1920 |      1 |        1 | 0x40000000000b00 | VRI[MainActivity]#0(BLAST Consumer)0
0xb400007a61a64cf0 | 9120.00 KiB | 1200 (1216) x 1920 |      1 |        1 | 0x40000000000b00 | VRI[MainActivity]#0(BLAST Consumer)0
Total allocated by GraphicBufferAllocator (estimate): 36480.00 KB
Imported gralloc buffers:
+ name:VRI[MainActivity]#0(BLAST Consumer)0, id:2843268353472, size:9263.00KiB, w/h:1200x1920, usage: 0x40000000000b00, req fmt:1, fourcc/mod:875708993/576460752303423602, dataspace: 0x0, compressed: true
+ name:VRI[MainActivity]#0(BLAST Consumer)0, id:2843268353471, size:9263.00KiB, w/h:1200x1920, usage: 0x40000000000b00, req fmt:1, fourcc/mod:875708993/576460752303423602, dataspace: 0x0, compressed: true
+ name:VRI[MainActivity]#0(BLAST Consumer)0, id:2843268353470, size:9263.00KiB, w/h:1200x1920, usage: 0x40000000000b00, req fmt:1, fourcc/mod:875708993/576460752303423602, dataspace: 0x0, compressed: true
+ name:VRI[MainActivity]#0(BLAST Consumer)0, id:2843268353469, size:9263.00KiB, w/h:1200x1920, usage: 0x40000000000b00, req fmt:1, fourcc/mod:875708993/576460752303423602, dataspace: 0x0, compressed: true
Total imported by gralloc: 37052.00KiB

Profile data in ms:

	io.github.openclawcn.app/ai.openclaw.app.MainActivity/android.view.ViewRootImpl@8d75d22 (visibility=0)
Window: io.github.openclawcn.app/ai.openclaw.app.MainActivity
Stats since: 98058704480228ns
Total frames rendered: 887
Janky frames: 731 (82.41%)
Janky frames (legacy): 401 (45.21%)
50th percentile: 27ms
90th percentile: 97ms
95th percentile: 117ms
99th percentile: 150ms
Number Missed Vsync: 69
Number High input latency: 259
Number Slow UI thread: 233
Number Slow bitmap uploads: 1
Number Slow issue draw commands: 301
Number Frame deadline missed: 731
Number Frame deadline missed (legacy): 267
HISTOGRAM: 5ms=0 6ms=0 7ms=0 8ms=0 9ms=0 10ms=1 11ms=0 12ms=0 13ms=17 14ms=30 15ms=15 16ms=12 17ms=16 18ms=14 19ms=31 20ms=58 21ms=57 22ms=73 23ms=51 24ms=33 25ms=21 26ms=10 27ms=6 28ms=4 29ms=5 30ms=6 31ms=5 32ms=27 34ms=9 36ms=12 38ms=14 40ms=4 42ms=9 44ms=11 46ms=8 48ms=41 53ms=40 57ms=23 61ms=21 65ms=29 69ms=16 73ms=11 77ms=7 81ms=17 85ms=8 89ms=10 93ms=14 97ms=10 101ms=8 105ms=6 109ms=4 113ms=9 117ms=10 121ms=9 125ms=5 129ms=10 133ms=3 150ms=12 200ms=0 250ms=1 300ms=0 350ms=0 400ms=1 450ms=3 500ms=0 550ms=0 600ms=0 650ms=0 700ms=0 750ms=0 800ms=0 850ms=0 900ms=0 950ms=0 1000ms=0 1050ms=0 1100ms=0 1150ms=0 1200ms=0 1250ms=0 1300ms=0 1350ms=0 1400ms=0 1450ms=0 1500ms=0 1550ms=0 1600ms=0 1650ms=0 1700ms=0 1750ms=0 1800ms=0 1850ms=0 1900ms=0 1950ms=0 2000ms=0 2050ms=0 2100ms=0 2150ms=0 2200ms=0 2250ms=0 2300ms=0 2350ms=0 2400ms=0 2450ms=0 2500ms=0 2550ms=0 2600ms=0 2650ms=0 2700ms=0 2750ms=0 2800ms=0 2850ms=0 2900ms=0 2950ms=0 3000ms=0 3050ms=0 3100ms=0 3150ms=0 3200ms=0 3250ms=0 3300ms=0 3350ms=0 3400ms=0 3450ms=0 3500ms=0 3550ms=0 3600ms=0 3650ms=0 3700ms=0 3750ms=0 3800ms=0 3850ms=0 3900ms=0 3950ms=0 4000ms=0 4050ms=0 4100ms=0 4150ms=0 4200ms=0 4250ms=0 4300ms=0 4350ms=0 4400ms=0 4450ms=0 4500ms=0 4550ms=0 4600ms=0 4650ms=0 4700ms=0 4750ms=0 4800ms=0 4850ms=0 4900ms=0 4950ms=0
50th gpu percentile: 8ms
90th gpu percentile: 10ms
95th gpu percentile: 11ms
99th gpu percentile: 12ms
GPU HISTOGRAM: 1ms=0 2ms=0 3ms=0 4ms=0 5ms=3 6ms=110 7ms=234 8ms=224 9ms=214 10ms=56 11ms=23 12ms=17 13ms=1 14ms=3 15ms=0 16ms=0 17ms=1 18ms=0 19ms=0 20ms=1 21ms=0 22ms=0 23ms=0 24ms=0 25ms=0 4950ms=0



---PROFILEDATA---
Flags,FrameTimelineVsyncId,IntendedVsync,Vsync,InputEventId,HandleInputStart,AnimationStart,PerformTraversalsStart,DrawStart,FrameDeadline,FrameInterval,FrameStartTime,SyncQueued,SyncStart,IssueDrawCommandsStart,SwapBuffers,FrameCompleted,DequeueBufferDuration,QueueBufferDuration,GpuCompleted,SwapBuffersCompleted,DisplayPresentTime,CommandSubmissionCompleted,
0,6200691,98139960700090,98139960700090,0,98139961637848,98139961640925,98139963717156,98139963853156,98139983304660,98139961624079,30303030,98139964889464,98139965117618,98139965242925,98139971703848,98139978564387,53462,481000,98139978564387,98139973337079,98140049660694,98139971703848,
0,6200709,98140045121090,98140045121090,1065665262,98140046360233,98140050039848,98140052776618,98140052906156,98140061721090,98140046331541,30303030,98140054297002,98140054479541,98140054608694,98140059041233,98140068973387,55846,466308,98140068973387,98140064898233,98140112963541,98140059041233,
0,6200717,98140087322090,98140087322090,302998951,98140088260387,98140091001848,98140092404694,98140092552925,98140103922090,98140088246694,30303030,98140093745848,98140094003618,98140094143233,98140098745387,98140108864464,58384,687538,98140108864464,98140102139310,98140155166387,98140098745387,
0,6200726,98140120340060,98140150643090,920391337,98140159412925,98140159494002,98140161164310,98140161326310,98140136940060,98140159396925,30303030,98140171620310,98140171873541,98140172048464,98140177622848,98140185859848,53462,904077,98140185859848,98140181922694,98140218482233,98140177622848,
0,6200735,98140162535060,98140162535060,0,98140179175156,98140179178310,98140181239925,98140181343541,98140227849150,98140179162310,30303030,98140182397541,98140182626464,98140182946387,98140189553079,98140196364079,149154,477231,98140196364079,98140191381310,98140260687079,98140189553079,
0,6200744,98140204741060,98140204741060,0,98140205688694,98140205692002,98140207678002,98140207835002,98140258152180,98140205675387,30303030,98140208889541,98140209101694,98140209252387,98140219490925,98140228036156,53384,471231,98140228036156,98140223169848,98140302894310,98140219490925,
0,6200753,98140256142090,98140256142090,0,98140257496310,98140257502925,98140260558233,98140260700618,98140288455210,98140257467079,30303030,98140262027695,98140262277618,98140262596771,98140270346618,98140278311925,81769,1204154,98140278311925,98140274907464,98140345103618,98140270346618,
0,6200762,98140298349090,98140298349090,0,98140300300925,98140300308925,98140312974233,98140313364464,98140318758240,98140300270695,30303030,98140317506079,98140317775387,98140318113002,98140334099925,98140342619156,79154,530692,98140342619156,98140337695310,98140387299233,98140334099925,
0,6200771,98140340557090,98140340557090,0,98140341341233,98140341344464,98140357861079,98140358138541,98140375555150,98140341328695,30303030,98140362400848,98140362664310,98140362810695,98140369760695,98140383252541,55846,492846,98140383252541,98140377537233,98140429502387,98140369760695,
0,6200780,98140382804090,98140382804090,0,98140384192310,98140384195387,98140396269925,98140396374464,98140417763150,98140384179156,30303030,98140398223771,98140398924233,98140399213387,98140411067695,98140421364002,55076,880693,98140421364002,98140414972464,98140471712002,98140411067695,
0,6200789,98140424973090,98140424973090,0,98140426034618,98140426037925,98140454708541,98140454875233,98140460010150,98140426022541,30303030,98140463370156,98140463652541,98140464698079,98140477179233,98140485331310,94077,1064693,98140485331310,98140481663079,98140513924156,98140477179233,
0,6200798,98140467184090,98140467184090,0,98140494060618,98140494063848,98140496501695,98140496628695,98140502179150,98140494047464,30303030,98140497885541,98140498133848,98140498275925,98140508281156,98140516286925,48692,897462,98140516286925,98140512187387,98140556140079,98140508281156,
0,6200807,98140500192060,98140500192060,0,98140516301848,98140516305848,98140561224156,98140561525771,98140544390150,98140516084002,30303030,98140561637233,98140561904695,98140562270464,98140574536156,98140582611079,79615,781076,98140582611079,98140578223925,98140619443233,98140574536156,
0,6200816,98140551603090,98140551603090,0,98140568345156,98140568351848,98140568356618,98140568650387,98140607701150,98140568314464,30303030,98140572143310,98140578423079,98140578560848,98140583522925,98140589908695,40923,433307,98140589908695,98140584927233,98140661659771,98140583522925,
0,6200825,98140593797090,98140593797090,0,98140594676233,98140594679541,98140594681618,98140594805541,98140638004180,98140594664310,30303030,98140595923156,98140596254541,98140596439771,98140608635156,98140616116464,7680924,1568154,98140616116464,98140612218079,98140703862079,98140608635156,
0,6200833,98140626894060,98140626894060,0,98140627838848,98140627841848,98140627844002,98140627970079,98140668307210,98140627826618,30303030,98140629203079,98140629449387,98140629591618,98140660925002,98140670184848,24060615,475231,98140670184848,98140663191310,98140746061079,98140660925002,
0,6200842,98140669016060,98140669016060,0,98140669959156,98140669962464,98140669964464,98140670082541,98140704100120,98140669946925,30303030,98140671161387,98140671397310,98140671775079,98140699273464,98140706998002,21450077,435231,98140706998002,98140700756771,98140788298310,98140699273464,
0,6200851,98140711225060,98140711225060,0,98140713064848,98140713068079,98140713070464,98140713254925,98140746222120,98140713050848,30303030,98140714552848,98140714697618,98140715073310,98140738047310,98140746046848,17535923,511154,98140746046848,98140739568464,98140830472771,98140738047310,
0,6200860,98140753421060,98140753421060,0,98140756685925,98140756689387,98140756691925,98140758248925,98140776525150,98140756655925,30303030,98140765080310,98140765512771,98140765664541,98140778943156,98140786540618,8259077,538000,98140786540618,98140780516848,98140872676925,98140778943156,
0,6200869,98140795629060,98140795629060,0,98140798254002,98140798258002,98140798260464,98140798656848,98140830627120,98140798003925,30303030,98140803743310,98140803924618,98140804214695,98140822092002,98140829872156,13360462,443770,98140829872156,98140823512848,98140914893310,98140822092002,
0,6200878,98140837832060,98140837832060,0,98140838808233,98140838811464,98140838813618,98140838939848,98140860930150,98140838795079,30303030,98140839999541,98140840328695,98140840694925,98140862619464,98140870488771,17651231,432616,98140870488771,98140864150848,98140957094310,98140862619464,
0,6200887,98140880051060,98140880051060,0,98140881022541,98140881025695,98140881027848,98140881145695,98140915038120,98140881010233,30303030,98140882884925,98140883285310,98140883815848,98140906383848,98140914074848,16733307,463231,98140914074848,98140907808079,98140999301771,98140906383848,
0,6200896,98140922249060,98140922249060,0,98140923120618,98140923123464,98140923125310,98140923247695,98140945341150,98140923108079,30303030,98140924298618,98140924533695,98140924953925,98140953205002,98140961678002,18604539,849385,98140961678002,98140957413002,98141041512310,98140953205002,
0,6200905,98140964525060,98140964525060,0,98140965576695,98140965579925,98140965581848,98140965704310,98140999455120,98140965562848,30303030,98140966093233,98140966332925,98140966839695,98140987644387,98140994095079,17319154,785538,98140994095079,98140989798079,98141083708695,98140987644387,
0,6200924,98141290202090,98141290202090,518819821,98141291466618,98141298003541,98141300409387,98141300548464,98141306802090,98141291438310,30303030,98141301353541,98141301521156,98141301835541,98141312334156,98141319928695,85461,460616,98141319928695,98141313861541,98141358098618,98141312334156,
0,6200932,98141332411090,98141332411090,1052086768,98141333303771,98141336494079,98141337460695,98141337603310,98141349011090,98141333289464,30303030,98141338351848,98141338505695,98141338698464,98141351729310,98141358185925,52153,661077,98141358185925,98141354007541,98141400263695,98141351729310,
0,6200941,98141365415060,98141365415060,723015152,98141366269310,98141366345156,98141367994771,98141368248310,98141382015060,98141366256618,30303030,98141369299002,98141369433771,98141369579848,98141373897618,98141384947079,48077,485846,98141384947079,98141376053079,98141442472464,98141373897618,
0,6200950,98141407619060,98141407619060,0,98141408573925,98141408577310,98141409971079,98141410105079,98141424219060,98141408560464,30303030,98141410674925,98141410942695,98141411084464,98141416852541,98141427899156,53000,498692,98141427899156,98141422990310,98141484667541,98141416852541,
0,6200959,98141449835060,98141449835060,0,98141450752925,98141450755771,98141450758079,98141450877387,98141466435060,98141450740233,30303030,98141451895310,98141452418310,98141452567771,98141457594464,98141468612079,49769,882154,98141468612079,98141460227002,98141526879618,98141457594464,
0,6200968,98141492034060,98141492034060,0,98141493008464,98141493011925,98141493014310,98141493134695,98141508634060,98141492995310,30303030,98141494148848,98141494386310,98141494742233,98141499623079,98141510687848,77769,474385,98141510687848,98141501607925,98141569074772,98141499623079,
0,6200977,98141534237060,98141534237060,0,98141536875925,98141536879233,98141536881541,98141537468464,98141550837060,98141536860618,30303030,98141540824310,98141541067079,98141541473310,98141553201848,98141559706079,80846,1841846,98141559706079,98141556526310,98141611285233,98141553201848,
0,6200986,98141576468060,98141576468060,0,98141577727772,98141577734464,98141577739387,98141577963002,98141593068060,98141577699925,30303030,98141580552310,98141580840695,98141581196310,98141592503541,98141600878079,77692,886384,98141600878079,98141598195848,98141653487464,98141592503541,
0,6200995,98141618655060,98141618655060,0,98141619779772,98141619782772,98141619784848,98141619910848,98141635255060,98141619767925,30303030,98141621171618,98141621390233,98141621546002,98141628611310,98141639632310,52923,475616,98141639632310,98141630702079,98141695704156,98141628611310,
0,6201004,98141660858060,98141660858060,0,98141661783002,98141661786310,98141661788464,98141661912772,98141677458060,98141661770695,30303030,98141662955925,98141663109464,98141663252618,98141667467925,98141678644310,46693,443615,98141678644310,98141669575156,98141737898772,98141667467925,
0,6201013,98141703064060,98141703064060,0,98141705639002,98141705642233,98141705644695,98141706352848,98141719664060,98141705625079,30303030,98141708970002,98141709199772,98141709685233,98141713959925,98141725046156,46846,690153,98141725046156,98141716556618,98141780103925,98141713959925,
0,6201022,98141745271060,98141745271060,0,98141746300464,98141746303618,98141746305772,98141746476464,98141761871060,98141746287848,30303030,98141747660695,98141747841464,98141748176002,98141751884464,98141761794925,50769,896923,98141761794925,98141755614618,98141822310464,98141751884464,
0,6201031,98141787476060,98141787476060,0,98141788604002,98141788607002,98141788609233,98141788728541,98141804076060,98141788590156,30303030,98141789120079,98141789282387,98141789481079,98141793136541,98141803400695,50615,934308,98141803400695,98141796990310,98141864519079,98141793136541,
0,6201041,98141871914060,98141871914060,0,98141872988772,98141872992002,98141872994233,98141873119541,98141888514060,98141872976079,30303030,98141874280618,98141874440002,98141874590002,98141878395079,98141886370233,55077,989154,98141886370233,98141882154002,98141927826233,98141878395079,
0,6201058,98142357273060,98142357273060,0,98142358756464,98142358765156,98142358770541,98142359051310,98142373873060,98142358722464,30303030,98142361339925,98142361508464,98142361664925,98142366013618,98142374094387,55616,567000,98142374094387,98142369307464,98142413223772,98142366013618,
0,6201075,98142863765060,98142863765060,0,98142865477310,98142865486387,98142865492079,98142865786925,98142880365060,98142865443079,30303030,98142868712079,98142869042233,98142869476156,98142880209387,98142888544079,92154,1101077,98142888544079,98142884593387,98142919727772,98142880209387,
0,6201092,98143370220060,98143370220060,0,98143371873849,98143371882310,98143371887387,98143372253310,98143386820060,98143371840849,30303030,98143374545695,98143374869233,98143375312387,98143385896772,98143394873387,98846,894538,98143394873387,98143390779618,98143426161849,98143385896772,
0,6201109,98143876700060,98143876700060,0,98143878220156,98143878229464,98143878236079,98143878569310,98143893300060,98143878183464,30303030,98143881292541,98143881566002,98143881979695,98143893564618,98143901842310,90846,1067615,98143901842310,98143898111002,98143932642387,98143893564618,
0,6201126,98144383172060,98144383172060,0,98144384839695,98144384848541,98144384854079,98144385138541,98144399772060,98144384806156,30303030,98144387631541,98144387954233,98144388441464,98144398733926,98144407238310,97923,1024538,98144407238310,98144403276156,98144439111849,98144398733926,
0,6201143,98144868645060,98144868645060,0,98144870497849,98144870506772,98144870512387,98144870773618,98144885245060,98144870432156,30303030,98144873891464,98144874176233,98144874596926,98144885936310,98144894421772,89385,984385,98144894421772,98144890434849,98144924491695,98144885936310,
0,6201152,98145375020060,98145375020060,0,98145376546233,98145376552849,98145376557695,98145376744464,98145391620060,98145376517695,30303030,98145378470002,98145378705772,98145379043310,98145387821233,98145395824772,81000,853077,98145395824772,98145391627849,98145431019695,98145387821233,
0,6201161,98145881522060,98145881522060,0,98145882901464,98145882910079,98145882915310,98145883136695,98145898122060,98145882869003,30303030,98145885732772,98145885925772,98145886095695,98145890141618,98145898341541,61615,1056308,98145898341541,98145894063541,98145958543233,98145890141618,
0,6201170,98146387974060,98146387974060,0,98146389720156,98146389728926,98146389734156,98146389994003,98146404574060,98146389687926,30303030,98146392486233,98146392814310,98146393247233,98146403157541,98146411537541,94846,935923,98146411537541,98146407422003,98146443914464,98146403157541,
0,6201179,98146894460060,98146894460060,0,98146896207387,98146896215772,98146896221003,98146896541003,98146911060060,98146896169310,30303030,98146899525695,98146899878464,98146900394695,98146912162849,98146920693618,97384,1306308,98146920693618,98146917090464,98146950398772,98146912162849,
0,6201188,98147400937060,98147400937060,0,98147401769926,98147401773080,98147401775233,98147401874926,98147417537060,98147401756926,30303030,98147402973772,98147403248387,98147403640233,98147413931387,98147422860541,82538,973154,98147422860541,98147418868541,98147456869233,98147413931387,
0,6201197,98147886312060,98147886312060,0,98147887700772,98147887708695,98147887713695,98147887917233,98147902912060,98147887669541,30303030,98147890719233,98147891023156,98147891461772,98147902391310,98147910981156,98000,1029846,98147910981156,98147907787156,98147942241156,98147902391310,
0,6201206,98148392791060,98148392791060,0,98148394242695,98148394251926,98148394257233,98148394503003,98148409391060,98148394207003,30303030,98148396823926,98148397176157,98148397632310,98148407497618,98148415603387,98385,874692,98148415603387,98148411529157,98148448737080,98148407497618,
0,6201215,98148899254060,98148899254060,0,98148900470772,98148900477618,98148900482387,98148900663618,98148915854060,98148900442541,30303030,98148902652157,98148902887387,98148903222618,98148912353003,98148920776233,78616,943692,98148920776233,98148916785541,98148955204464,98148912353003,
0,6201224,98149405738060,98149405738060,0,98149406986003,98149406993234,98149406998157,98149407213310,98149422338060,98149406955464,30303030,98149409345003,98149409644695,98149410070541,98149421190003,98149429702541,90692,861077,98149429702541,98149425675849,98149461685926,98149421190003,
0,6201233,98149912210060,98149912210060,0,98149913567849,98149913575003,98149913580695,98149913764695,98149928810060,98149913539541,30303030,98149915866772,98149916321464,98149916794849,98149927686695,98149936369080,83230,1750231,98149936369080,98149933467464,98149968145849,98149927686695,
0,6201242,98150397586060,98150397586060,0,98150398843464,98150398852157,98150398857310,98150399065618,98150414186060,98150398810157,30303030,98150401000003,98150401275772,98150401693541,98150412508387,98150420760464,97000,1180923,98150420760464,98150416685541,98150453522541,98150412508387,
0,6201251,98150904071060,98150904071060,0,98150905658464,98150905666772,98150905672003,98150905888157,98150920671060,98150905626772,30303030,98150908328849,98150908515926,98150908686926,98150912776311,98150921665234,58308,1137461,98150921665234,98150917532926,98150960036003,98150912776311,
0,6201260,98151410539060,98151410539060,0,98151412295003,98151412303695,98151412309080,98151412543387,98151427139060,98151412258772,30303030,98151414559618,98151414892926,98151415357772,98151427403003,98151435667695,98847,897615,98151435667695,98151431896234,98151466474849,98151427403003,
0,6201269,98151917017060,98151917017060,0,98151918395926,98151918403618,98151918408695,98151918627695,98151933617060,98151918363157,30303030,98151921429311,98151921740926,98151922302849,98151932969926,98151941427926,112077,1299846,98151941427926,98151938241311,98151972964311,98151932969926,
0,6201278,98152423495060,98152423495060,0,98152425209003,98152425217541,98152425222772,98152425451849,98152440095060,98152425175080,30303030,98152427490464,98152428078003,98152428810157,98152439245311,98152447501926,101615,941077,98152447501926,98152443459234,98152479441849,98152439245311,
0,6201287,98152929967060,98152929967060,0,98152931155157,98152931162311,98152931167234,98152931346541,98152946567060,98152931127926,30303030,98152933695464,98152933977541,98152934349311,98152946097157,98152954710464,85462,1098461,98152954710464,98152950849772,98152985905541,98152946097157,
0,6201296,98153415344060,98153415344060,0,98153416864849,98153416873618,98153416879157,98153417101618,98153431944060,98153416832003,30303030,98153419048618,98153419224080,98153419417003,98153429401541,98153438519311,57154,988077,98153438519311,98153434594618,98153471301388,98153429401541,
0,6201305,98153921821060,98153921821060,0,98153923287388,98153923296003,98153923301157,98153923582849,98153938421060,98153923253926,30303030,98153927029157,98153927360849,98153927792772,98153938347849,98153946784157,97308,1086462,98153946784157,98153942665695,98153977755849,98153938347849,
0,6201314,98154428296060,98154428296060,0,98154430043618,98154430052772,98154430058003,98154430392080,98154444896060,98154430009849,30303030,98154433140772,98154433455234,98154433893618,98154444549080,98154452804080,95923,1045385,98154452804080,98154448932542,98154484258311,98154444549080,
0,6201323,98154934775060,98154934775060,0,98154936476849,98154936485618,98154936490849,98154936792157,98154951375060,98154936444465,30303030,98154939321003,98154939595465,98154939982542,98154944326618,98154955983695,93538,1268384,98154955983695,98154952442234,98154990708234,98154944326618,
0,6201332,98155441257060,98155441257060,0,98155442810388,98155442819157,98155442824388,98155443050465,98155457857060,98155442774618,30303030,98155445265618,98155445557926,98155446022695,98155456964772,98155465203695,96230,942154,98155465203695,98155461189234,98155497195080,98155456964772,
0,6201341,98155947730060,98155947730060,0,98155949308619,98155949317157,98155949322695,98155949548234,98155964330060,98155949276695,30303030,98155951999926,98155952396234,98155952828157,98155964256311,98155972624542,98692,1369077,98155972624542,98155969158926,98156003701311,98155964256311,
0,6201350,98156454221060,98156454221060,0,98156455532849,98156455540003,98156455544849,98156455727926,98156470821060,98156455504311,30303030,98156457513157,98156457754003,98156458085926,98156467762926,98156476066388,81846,815000,98156476066388,98156471796388,98156510173080,98156467762926,
0,6201359,98156939584060,98156939584060,0,98156941019695,98156941027695,98156941032772,98156941236542,98156956184060,98156940989542,30303030,98156943419619,98156943671157,98156944059926,98156953656157,98156962145465,79462,879769,98156962145465,98156957945465,98156995521003,98156953656157,
0,6201368,98157446064060,98157446064060,0,98157447852619,98157447861234,98157447917926,98157448274311,98157462664060,98157447819080,30303030,98157451005388,98157451291080,98157451729849,98157462188080,98157470587619,95077,962538,98157470587619,98157466506619,98157501990772,98157462188080,
0,6201377,98157952551060,98157952551060,0,98157954072234,98157954080619,98157954085849,98157954303619,98157969151060,98157954040080,30303030,98157956866926,98157957167311,98157957599926,98157969301849,98157977747696,97385,965077,98157977747696,98157973674003,98158008466619,98157969301849,
0,6201386,98158459030060,98158459030060,0,98158460536619,98158460545234,98158460550465,98158460767773,98158475630060,98158460503696,30303030,98158462806311,98158463094311,98158463531696,98158474670849,98158483047465,95539,975616,98158483047465,98158479034465,98158514942234,98158474670849,
0,6201395,98158965495060,98158965495060,0,98158966835157,98158966842388,98158966847311,98158967052080,98158982095060,98158966805696,30303030,98158969143849,98158969409849,98158969761619,98158981276157,98158990799849,79615,999539,98158990799849,98158987062080,98159021435465,98158981276157,
0,6201404,98159450857060,98159450857060,0,98159452252542,98159452259465,98159452264234,98159452453003,98159467457060,98159452223619,30303030,98159454447542,98159454709619,98159455039388,98159464208157,98159472982542,76769,1086770,98159472982542,98159469228157,98159506794311,98159464208157,
0,6201413,98159957338060,98159957338060,0,98159959013542,98159959023003,98159959029311,98159959262465,98159973938060,98159958979388,30303030,98159961892234,98159962192003,98159962638619,98159972884619,98159980976926,94538,871692,98159980976926,98159976749157,98160013275003,98159972884619,
0,6201422,98160463813060,98160463813060,0,98160465600696,98160465609465,98160465614696,98160465850542,98160480413060,98160465564542,30303030,98160468261850,98160468620080,98160469059157,98160479445926,98160488127850,97230,2170077,98160488127850,98160485301696,98160519758619,98160479445926,
0,6201431,98160970295060,98160970295060,0,98160971549388,98160971556080,98160971561003,98160971739850,98160986895060,98160971520542,30303030,98160974139465,98160974440773,98160974790696,98160984829388,98160993407927,78384,1132000,98160993407927,98160989751542,98161026242619,98160984829388,
0,6201440,98161476767060,98161476767060,0,98161478042080,98161478049003,98161478053773,98161478245234,98161493367060,98161478012619,30303030,98161479950157,98161480239927,98161480582311,98161489463080,98161497750388,77692,818077,98161497750388,98161493520388,98161532699465,98161489463080,
0,6201449,98161983250060,98161983250060,0,98161985245696,98161985253619,98161985258773,98161985558465,98161999850060,98161985213927,30303030,98161988628927,98161988952234,98161989378080,98161999498696,98162008118773,95154,947846,98162008118773,98162004113696,98162039221080,98161999498696,
0,6201458,98162489722060,98162489722060,0,98162491219080,98162491227773,98162491233080,98162491468157,98162506322060,98162491184927,30303030,98162493709773,98162494007773,98162494438773,98162506946696,98162515636927,93770,970616,98162515636927,98162511560388,98162545656465,98162506946696,
0,6201467,98162975095060,98162975095060,0,98162976668004,98162976676619,98162976681773,98162976952696,98162991695060,98162976633619,30303030,98162979701696,98162980231542,98162980674311,98162991446850,98162999841542,114615,498923,98162999841542,98162995112619,98163031032927,98162991446850,
0,6201476,98163481568060,98163481568060,0,98163482845004,98163482852927,98163482857850,98163483064081,98163498168060,98163482737696,30303030,98163485163388,98163485354004,98163485492081,98163494715081,98163502785157,50693,865076,98163502785157,98163498617927,98163537520542,98163494715081,
0,6201485,98163988045060,98163988045060,0,98163989241542,98163989248311,98163989253081,98163989431773,98164004645060,98163989213773,30303030,98163991986311,98163992323388,98163992737542,98164003007234,98164011135850,79692,884846,98164011135850,98164007124542,98164044000696,98164003007234,
0,6201504,98164494527060,98164494527060,0,98164495313081,98164495316311,98164495318311,98164495417619,98164511127060,98164495301157,30303030,98164496364850,98164496545004,98164496684542,98164501027081,98164511669157,52846,891616,98164511669157,98164507818542,98164550494850,98164501027081,
0,6201513,98165001003060,98165001003060,0,98165002188542,98165002195388,98165002200388,98165002380927,98165017603060,98165002161619,30303030,98165004718465,98165004989619,98165005363158,98165015999311,98165024160850,78692,813539,98165024160850,98165019890696,98165056945465,98165015999311,
0,6201522,98165486372060,98165486372060,0,98165487415850,98165487418850,98165487421004,98165487523081,98165502972060,98165487402773,30303030,98165488491850,98165488717311,98165489059696,98165499309004,98165507425004,76923,813462,98165507425004,98165503260388,98165542321927,98165499309004,
0,6201542,98165992854060,98165992854060,0,98165993918696,98165993923081,98165993925850,98165994046004,98166009454060,98165993902388,30303030,98165995300927,98165995457850,98165995638927,98166002635696,98166010516004,59077,582231,98166010516004,98166006107696,98166048787465,98166002635696,
0,6201551,98166499351060,98166499351060,0,98166500961542,98166500970004,98166500975465,98166501193081,98166515951060,98166500928619,30303030,98166503162004,98166503494158,98166503943542,98166514760850,98166523099850,97769,926000,98166523099850,98166519066619,98166555273542,98166514760850,
0,6201560,98167005799060,98167005799060,0,98167007435619,98167007444388,98167007449465,98167007684235,98167022399060,98167007402235,30303030,98167010620619,98167010921773,98167011350927,98167022112927,98167031691619,94846,1050461,98167031691619,98167027676465,98167061749388,98167022112927,
0,6201569,98167491179060,98167491179060,0,98167492773465,98167492782158,98167492787542,98167493011542,98167507779060,98167492740158,30303030,98167496107081,98167496380542,98167496815004,98167508160773,98167516520927,96692,921000,98167516520927,98167512507312,98167547119081,98167508160773,
0,6201578,98167997655060,98167997655060,0,98167999215850,98167999224465,98167999229696,98167999483542,98168014255060,98167999182619,30303030,98168002080081,98168002404158,98168002840927,98168013731004,98168022414388,95154,1008308,98168022414388,98168018460158,98168053591696,98168013731004,
0,6201587,98168504137060,98168504137060,0,98168505856696,98168505864235,98168505869081,98168506073696,98168520737060,98168505824773,30303030,98168508123158,98168508419619,98168508849619,98168520250388,98168529020388,93461,1053077,98168529020388,98168525086696,98168560064542,98168520250388,
0,6201596,98169010606060,98169010606060,0,98169011779235,98169011786312,98169011791158,98169011972927,98169027206060,98169011751465,30303030,98169014168927,98169014438389,98169014795773,98169024940773,98169033022312,78923,909384,98169033022312,98169028869081,98169066544389,98169024940773,
0,6201605,98169517084060,98169517084060,0,98169518257773,98169518264235,98169518269004,98169518450542,98169533684060,98169518229389,30303030,98169520143773,98169520381312,98169520720081,98169529700389,98169537794773,78231,818000,98169537794773,98169533541235,98169573029389,98169529700389,
0,6201614,98170023568060,98170023568060,0,98170025341466,98170025349696,98170025355004,98170025616004,98170040168060,98170025309158,30303030,98170028581389,98170028746619,98170028916542,98170033101312,98170041167004,59769,619692,98170041167004,98170036497004,98170079522542,98170033101312,
0,6201623,98170508942060,98170508942060,0,98170510599773,98170510608696,98170510614235,98170510872619,98170525542060,98170510530542,30303030,98170513322081,98170513517312,98170513689158,98170525201312,98170533552466,61923,564000,98170533552466,98170528828312,98170564870619,98170525201312,
0,6201632,98171015419060,98171015419060,0,98171016701081,98171016708158,98171016713081,98171016891081,98171032019060,98171016673542,30303030,98171018987619,98171019266619,98171019601235,98171029560235,98171038533466,78384,2002770,98171038533466,98171035656466,98171071362927,98171029560235,
0,6201641,98171521889060,98171521889060,0,98171523737004,98171523745773,98171523751158,98171524109389,98171538489060,98171523699004,30303030,98171526579773,98171526913158,98171527387696,98171537604466,98171545653235,96000,860769,98171545653235,98171541483312,98171577841696,98171537604466,
0,6201650,98172028368060,98172028368060,0,98172029919389,98172029928389,98172029933543,98172030173004,98172044968060,98172029884850,30303030,98172032871081,98172033186235,98172035318927,98172046526004,98172054945696,103462,994616,98172054945696,98172050934850,98172084310389,98172046526004,
0,6201659,98172534844060,98172534844060,0,98172536187466,98172536193927,98172536198543,98172536382004,98172551444060,98172536158312,30303030,98172538270312,98172538551696,98172538951081,98172549912927,98172558701773,93385,985615,98172558701773,98172554720543,98172590785081,98172549912927,
0,6201668,98173041322060,98173041322060,0,98173043206543,98173043215081,98173043220620,98173043594235,98173057922060,98173043171158,30303030,98173048198235,98173048396235,98173048562158,98173058099158,98173066571696,60461,611231,98173066571696,98173061912158,98173097269620,98173058099158,
0,6201690,98173526697060,98173526697060,0,98173528179696,98173528187312,98173528192081,98173528383081,98173543297060,98173528151081,30303030,98173530464004,98173530781235,98173531116389,98173541291081,98173550384696,80923,1052769,98173550384696,98173546804773,98173582638927,98173541291081,
0,6201699,98174033181060,98174033181060,0,98174035022389,98174035031158,98174035036543,98174035297927,98174049781060,98174034987389,30303030,98174038410235,98174038570697,98174038739158,98174043131927,98174051169697,63231,532384,98174051169697,98174046401620,98174089139543,98174043131927,
0,6201708,98174539644060,98174539644060,0,98174541537466,98174541547004,98174541552389,98174541819697,98174556244060,98174541463697,30303030,98174544377158,98174544691697,98174545129850,98174555043081,98174563339697,93077,954615,98174563339697,98174559350620,98174595597081,98174555043081,
0,6201717,98175046126060,98175046126060,0,98175047531004,98175047538389,98175047543312,98175047731312,98175062726060,98175047499004,30303030,98175049920004,98175050177927,98175050506081,98175059932773,98175068694389,76846,1043769,98175068694389,98175064768697,98175102062850,98175059932773,
0,6201726,98175552608060,98175552608060,0,98175554483081,98175554492004,98175554497312,98175555046312,98175569208060,98175554417927,30303030,98175557846235,98175558151312,98175558600466,98175569096697,98175577370081,97615,1020308,98175577370081,98175573479697,98175608533081,98175569096697,
0,6201735,98176059074060,98176059074060,0,98176061207158,98176061216158,98176061221312,98176061478389,98176075674060,98176061143927,30303030,98176064647312,98176064963312,98176065380774,98176075604543,98176084166312,93230,977154,98176084166312,98176080256004,98176115010312,98176075604543,
0,6201744,98176565563060,98176565563060,0,98176566867543,98176566874620,98176566879466,98176567068774,98176582163060,98176566838158,30303030,98176568872774,98176569174851,98176569520620,98176579180158,98176587736389,81154,982307,98176587736389,98176583608620,98176621509543,98176579180158,
0,6201753,98177050926060,98177050926060,0,98177052697158,98177052705851,98177052711158,98177053247312,98177067526060,98177052662389,30303030,98177056578389,98177056891927,98177057323389,98177067223543,98177077007389,95846,953384,98177077007389,98177072951312,98177106861081,98177067223543,
0,6201762,98177557410060,98177557410060,0,98177558809389,98177558816081,98177558821004,98177558999774,98177574010060,98177558781927,30303030,98177560727004,98177560978851,98177561314081,98177565472158,98177573419081,79769,1151615,98177573419081,98177569502927,98177634446774,98177565472158,
0,6201771,98178063882060,98178063882060,0,98178065225004,98178065233697,98178065238928,98178065458004,98178080482060,98178065192389,30303030,98178067816004,98178067985543,98178068184158,98178072271774,98178080321389,62692,603539,98178080321389,98178075790235,98178119829081,98178072271774,
0,6201780,98178570363060,98178570363060,0,98178571947543,98178571956697,98178571962081,98178572245389,98178586963060,98178571915158,30303030,98178574358851,98178574600851,98178574783235,98178584794004,98178594418774,64539,975307,98178594418774,98178590540466,98178626292928,98178584794004,
0,6201789,98179076832060,98179076832060,0,98179078235005,98179078242158,98179078246928,98179078429697,98179093432060,98179078206543,30303030,98179080770851,98179081051851,98179081473466,98179090990851,98179099139466,82308,905616,98179099139466,98179095219158,98179132775389,98179090990851,
0,6201798,98179562204060,98179562204060,0,98179563657697,98179563666851,98179563672235,98179563900928,98179578804060,98179563619466,30303030,98179566220928,98179566542235,98179566967389,98179577364620,98179585776005,94923,969231,98179585776005,98179581930312,98179618154543,98179577364620,
0,6201807,98180068686060,98180068686060,0,98180069839620,98180069846389,98180069851389,98180070048005,98180085286060,98180069809620,30303030,98180072277312,98180072517466,98180072851928,98180082722928,98180091282312,139308,1042230,98180091282312,98180087404851,98180124630466,98180082722928,
0,6201816,98180575163060,98180575163060,0,98180576592928,98180576601005,98180576606158,98180576809466,98180591763060,98180576562005,30303030,98180578956620,98180579291774,98180579722158,98180590709082,98180599150466,92846,1009616,98180599150466,98180595310543,98180631101235,98180590709082,
0,6201825,98181081638060,98181081638060,0,98181083590851,98181083598928,98181083604082,98181083822543,98181098238060,98181083559312,30303030,98181086413543,98181086743235,98181087179543,98181097699928,98181105981774,94846,952538,98181105981774,98181102100620,98181137577697,98181097699928,
0,6201834,98181588115060,98181588115060,0,98181589524697,98181589532928,98181589538312,98181589757005,98181604715060,98181589492159,30303030,98181592520697,98181592809620,98181593265159,98181605359543,98181613719005,100000,953231,98181613719005,98181609645389,98139880831464,98181605359543,
0,6201843,98182094603060,98182094603060,0,98182096365774,98182096373928,98182096379159,98182096602389,98182111203060,98182096331851,30303030,98182099036851,98182099337082,98182099762928,98182110675928,98182118681312,95923,992308,98182118681312,98182114692466,98139923044079,98182110675928,
0,6201852,98182579964060,98182579964060,0,98182581464620,98182581473005,98182581478389,98182581697235,98182596564060,98182581432082,30303030,98182583649543,98182583813466,98182583987389,98182594541851,98182602874082,64077,564000,98182602874082,98182598155466,98139965242310,98182594541851,
0,6201861,98183086438060,98183086438060,0,98183088279389,98183088287928,98183088293082,98183088567159,98183103038060,98183088245005,30303030,98183091930466,98183092262005,98183092689620,98183102644236,98183110634851,106230,837154,98183110634851,98183106799928,98140007442541,98183102644236,
---PROFILEDATA---


View hierarchy:

  io.github.openclawcn.app/ai.openclaw.app.MainActivity/android.view.ViewRootImpl@8d75d22
  11 views, 19.90 kB of render nodes


Total ViewRootImpl   : 1
Total attached Views : 11
Total RenderNode     : 19.90 kB (used) / 55.64 kB (capacity)

