===== sample 1 1778904977249 =====
--- /sys/kernel/thermal/apu_info
666666666,666666666,666666666
--- /sys/kernel/thermal/is_apu_limit
0
--- /sys/kernel/thermal/apu_atc
666666666,666666666,666666666
--- /sys/class/devfreq/soc:mdla-devfreq/cur_freq
900000000
--- /sys/class/devfreq/soc:mdla-devfreq/available_frequencies
330000000 500000000 615000000 755000000 900000000 1000000000 1100000000
--- /sys/class/devfreq/soc:mdla-devfreq/trans_stat
     From  :   To
           : 330000000 500000000 615000000 755000000 90000000010000000001100000000   time(ms)
  330000000:         0         0         0         0         0         0         0         0
  500000000:         0         0         0         0         0         0         0         0
  615000000:         0         0         0         0         0         0         0         0
  755000000:         0         0         0         0         0         0         0         0
* 900000000:         0         0         0         0         0         0         0         0
 1000000000:         0         0         0         0         0         0         0         0
 1100000000:         0         0         0         0         0         0         0         0
Total transition : 0
--- /sys/kernel/debug/mdla/mdla_memory
------- dump debug info  -------
0x00000000: 00000000 00000000 00000000 00000000
0x00000010: 00000000 00000000 00000000 00000000
0x00000020: 00000000 00000000 00000000 00000000
0x00000030: 00000000 00000000 00000000 00000000
0x00000040: 00000000 00000000 00000000 00000000
0x00000050: 00000000 00000000 00000000 00000000
0x00000060: 00000000 00000000 00000000 00000000
0x00000070: 00000000 00000000 00000000 00000000
0x00000080: 00000000 00000000 00000000 00000000
0x00000090: 00000000 00000000 00000000 00000000
0x000000a0: 00000000 00000000 00000000 00000000
0x000000b0: 00000000 00000000 00000000 00000000
0x000000c0: 00000000 00000000 00000000 00000000
0x000000d0: 00000000 00000000 00000000 00000000
0x000000e0: 00000000 00000000 00000000 00000000
0x000000f0: 00000000 00000000 00000000 00000000
0x00000100: 00000000 00000000 00000000 00000000
0x00000110: 00000000 00000000 00000000 00000000
0x00000120: 00000000 00000000 00000000 00000000
0x00000130: 00000000 00000000 00000000 00000000
0x00000140: 00000000 00000000 00000000 00000000
0x00000150: 00000000 00000000 00000000 00000000
0x00000160: 00000000 00000000 00000000 00000000
0x00000170: 00000000 00000000 00000000 00000000
0x00000180: 00000000 00000000 00000000 00000000
0x00000190: 00000000 00000000 00000000 00000000
0x000001a0: 00000000 00000000 00000000 00000000
0x000001b0: 00000000 00000000 00000000 00000000
0x000001c0: 00000000 00000000 00000000 00000000
0x000001d0: 00000000 00000000 00000000 00000000
0x000001e0: 00000000 00000000 00000000 00000000
0x000001f0: 00000000 00000000 00000000 00000000
0x00000200: 00000000 00000000 00000000 00000000
0x00000210: 00000000 00000000 00000000 00000000
0x00000220: 00000000 00000000 00000000 00000000
0x00000230: 00000000 00000000 00000000 00000000
0x00000240: 00000000 00000000 00000000 00000000
0x00000250: 00000000 00000000 00000000 00000000
0x00000260: 00000000 00000000 00000000 00000000
0x00000270: 00000000 00000000 00000000 00000000
0x00000280: 00000000 00000000 00000000 00000000
0x00000290: 00000000 00000000 00000000 00000000
0x000002a0: 00000000 00000000 00000000 00000000
0x000002b0: 00000000 00000000 00000000 00000000
0x000002c0: 00000000 00000000 00000000 00000000
0x000002d0: 00000000 00000000 00000000 00000000
0x000002e0: 00000000 00000000 00000000 00000000
0x000002f0: 00000000 00000000 00000000 00000000
0x00000300: 00000000 00000000 00000000 00000000
0x00000310: 00000000 00000000 00000000 00000000
0x00000320: 00000000 00000000 00000000 00000000
0x00000330: 00000000 00000000 00000000 00000000
0x00000340: 00000000 00000000 00000000 00000000
0x00000350: 00000000 00000000 00000000 00000000
0x00000360: 00000000 00000000 00000000 00000000
0x00000370: 00000000 00000000 00000000 00000000
0x00000380: 00000000 00000000 00000000 00000000
0x00000390: 00000000 00000000 00000000 00000000
0x000003a0: 00000000 00000000 00000000 00000000
0x000003b0: 00000000 00000000 00000000 00000000
0x000003c0: 00000000 00000000 00000000 00000000
0x000003d0: 00000000 00000000 00000000 00000000
0x000003e0: 00000000 00000000 00000000 00000000
0x000003f0: 00000000 00000000 00000000 00000000
0x00000400: 00000000 00000000 00000000 00000000
0x00000410: 00000000 00000000 00000000 00000000
0x00000420: 00000000 00000000 00000000 00000000
0x00000430: 00000000 00000000 00000000 00000000
0x00000440: 00000000 00000000 00000000 00000000
0x00000450: 00000000 00000000 00000000 00000000
0x00000460: 00000000 00000000 00000000 00000000
0x00000470: 00000000 00000000 00000000 00000000
0x00000480: 00000000 00000000 00000000 00000000
0x00000490: 00000000 00000000 00000000 00000000
0x000004a0: 00000000 00000000 00000000 00000000
0x000004b0: 00000000 00000000 00000000 00000000
0x000004c0: 00000000 00000000 00000000 00000000
0x000004d0: 00000000 00000000 00000000 00000000
0x000004e0: 00000000 00000000 00000000 00000000
===== sample 2 1778904982213 =====
--- /sys/kernel/thermal/apu_info
666666666,666666666,666666666
--- /sys/kernel/thermal/is_apu_limit
0
--- /sys/kernel/thermal/apu_atc
666666666,666666666,666666666
--- /sys/class/devfreq/soc:mdla-devfreq/cur_freq
900000000
--- /sys/class/devfreq/soc:mdla-devfreq/available_frequencies
330000000 500000000 615000000 755000000 900000000 1000000000 1100000000
--- /sys/class/devfreq/soc:mdla-devfreq/trans_stat
     From  :   To
           : 330000000 500000000 615000000 755000000 90000000010000000001100000000   time(ms)
  330000000:         0         0         0         0         0         0         0         0
  500000000:         0         0         0         0         0         0         0         0
  615000000:         0         0         0         0         0         0         0         0
  755000000:         0         0         0         0         0         0         0         0
* 900000000:         0         0         0         0         0         0         0         0
 1000000000:         0         0         0         0         0         0         0         0
 1100000000:         0         0         0         0         0         0         0         0
Total transition : 0
--- /sys/kernel/debug/mdla/mdla_memory
------- dump debug info  -------
0x00000000: 00000000 00000000 00000000 00000000
0x00000010: 00000000 00000000 00000000 00000000
0x00000020: 00000000 00000000 00000000 00000000
0x00000030: 00000000 00000000 00000000 00000000
0x00000040: 00000000 00000000 00000000 00000000
0x00000050: 00000000 00000000 00000000 00000000
0x00000060: 00000000 00000000 00000000 00000000
0x00000070: 00000000 00000000 00000000 00000000
0x00000080: 00000000 00000000 00000000 00000000
0x00000090: 00000000 00000000 00000000 00000000
0x000000a0: 00000000 00000000 00000000 00000000
0x000000b0: 00000000 00000000 00000000 00000000
0x000000c0: 00000000 00000000 00000000 00000000
0x000000d0: 00000000 00000000 00000000 00000000
0x000000e0: 00000000 00000000 00000000 00000000
0x000000f0: 00000000 00000000 00000000 00000000
0x00000100: 00000000 00000000 00000000 00000000
0x00000110: 00000000 00000000 00000000 00000000
0x00000120: 00000000 00000000 00000000 00000000
0x00000130: 00000000 00000000 00000000 00000000
0x00000140: 00000000 00000000 00000000 00000000
0x00000150: 00000000 00000000 00000000 00000000
0x00000160: 00000000 00000000 00000000 00000000
0x00000170: 00000000 00000000 00000000 00000000
0x00000180: 00000000 00000000 00000000 00000000
0x00000190: 00000000 00000000 00000000 00000000
0x000001a0: 00000000 00000000 00000000 00000000
0x000001b0: 00000000 00000000 00000000 00000000
0x000001c0: 00000000 00000000 00000000 00000000
0x000001d0: 00000000 00000000 00000000 00000000
0x000001e0: 00000000 00000000 00000000 00000000
0x000001f0: 00000000 00000000 00000000 00000000
0x00000200: 00000000 00000000 00000000 00000000
0x00000210: 00000000 00000000 00000000 00000000
0x00000220: 00000000 00000000 00000000 00000000
0x00000230: 00000000 00000000 00000000 00000000
0x00000240: 00000000 00000000 00000000 00000000
0x00000250: 00000000 00000000 00000000 00000000
0x00000260: 00000000 00000000 00000000 00000000
0x00000270: 00000000 00000000 00000000 00000000
0x00000280: 00000000 00000000 00000000 00000000
0x00000290: 00000000 00000000 00000000 00000000
0x000002a0: 00000000 00000000 00000000 00000000
0x000002b0: 00000000 00000000 00000000 00000000
0x000002c0: 00000000 00000000 00000000 00000000
0x000002d0: 00000000 00000000 00000000 00000000
0x000002e0: 00000000 00000000 00000000 00000000
0x000002f0: 00000000 00000000 00000000 00000000
0x00000300: 00000000 00000000 00000000 00000000
0x00000310: 00000000 00000000 00000000 00000000
0x00000320: 00000000 00000000 00000000 00000000
0x00000330: 00000000 00000000 00000000 00000000
0x00000340: 00000000 00000000 00000000 00000000
0x00000350: 00000000 00000000 00000000 00000000
0x00000360: 00000000 00000000 00000000 00000000
0x00000370: 00000000 00000000 00000000 00000000
0x00000380: 00000000 00000000 00000000 00000000
0x00000390: 00000000 00000000 00000000 00000000
0x000003a0: 00000000 00000000 00000000 00000000
0x000003b0: 00000000 00000000 00000000 00000000
0x000003c0: 00000000 00000000 00000000 00000000
0x000003d0: 00000000 00000000 00000000 00000000
0x000003e0: 00000000 00000000 00000000 00000000
0x000003f0: 00000000 00000000 00000000 00000000
0x00000400: 00000000 00000000 00000000 00000000
0x00000410: 00000000 00000000 00000000 00000000
0x00000420: 00000000 00000000 00000000 00000000
0x00000430: 00000000 00000000 00000000 00000000
0x00000440: 00000000 00000000 00000000 00000000
0x00000450: 00000000 00000000 00000000 00000000
0x00000460: 00000000 00000000 00000000 00000000
0x00000470: 00000000 00000000 00000000 00000000
0x00000480: 00000000 00000000 00000000 00000000
0x00000490: 00000000 00000000 00000000 00000000
0x000004a0: 00000000 00000000 00000000 00000000
0x000004b0: 00000000 00000000 00000000 00000000
0x000004c0: 00000000 00000000 00000000 00000000
0x000004d0: 00000000 00000000 00000000 00000000
0x000004e0: 00000000 00000000 00000000 00000000
===== sample 3 1778904987888 =====
--- /sys/kernel/thermal/apu_info
666666666,666666666,666666666
--- /sys/kernel/thermal/is_apu_limit
0
--- /sys/kernel/thermal/apu_atc
666666666,666666666,666666666
--- /sys/class/devfreq/soc:mdla-devfreq/cur_freq
900000000
--- /sys/class/devfreq/soc:mdla-devfreq/available_frequencies
330000000 500000000 615000000 755000000 900000000 1000000000 1100000000
--- /sys/class/devfreq/soc:mdla-devfreq/trans_stat
     From  :   To
           : 330000000 500000000 615000000 755000000 90000000010000000001100000000   time(ms)
  330000000:         0         0         0         0         0         0         0         0
  500000000:         0         0         0         0         0         0         0         0
  615000000:         0         0         0         0         0         0         0         0
  755000000:         0         0         0         0         0         0         0         0
* 900000000:         0         0         0         0         0         0         0         0
 1000000000:         0         0         0         0         0         0         0         0
 1100000000:         0         0         0         0         0         0         0         0
Total transition : 0
--- /sys/kernel/debug/mdla/mdla_memory
------- dump debug info  -------
0x00000000: 00000000 00000000 00000000 00000000
0x00000010: 00000000 00000000 00000000 00000000
0x00000020: 00000000 00000000 00000000 00000000
0x00000030: 00000000 00000000 00000000 00000000
0x00000040: 00000000 00000000 00000000 00000000
0x00000050: 00000000 00000000 00000000 00000000
0x00000060: 00000000 00000000 00000000 00000000
0x00000070: 00000000 00000000 00000000 00000000
0x00000080: 00000000 00000000 00000000 00000000
0x00000090: 00000000 00000000 00000000 00000000
0x000000a0: 00000000 00000000 00000000 00000000
0x000000b0: 00000000 00000000 00000000 00000000
0x000000c0: 00000000 00000000 00000000 00000000
0x000000d0: 00000000 00000000 00000000 00000000
0x000000e0: 00000000 00000000 00000000 00000000
0x000000f0: 00000000 00000000 00000000 00000000
0x00000100: 00000000 00000000 00000000 00000000
0x00000110: 00000000 00000000 00000000 00000000
0x00000120: 00000000 00000000 00000000 00000000
0x00000130: 00000000 00000000 00000000 00000000
0x00000140: 00000000 00000000 00000000 00000000
0x00000150: 00000000 00000000 00000000 00000000
0x00000160: 00000000 00000000 00000000 00000000
0x00000170: 00000000 00000000 00000000 00000000
0x00000180: 00000000 00000000 00000000 00000000
0x00000190: 00000000 00000000 00000000 00000000
0x000001a0: 00000000 00000000 00000000 00000000
0x000001b0: 00000000 00000000 00000000 00000000
0x000001c0: 00000000 00000000 00000000 00000000
0x000001d0: 00000000 00000000 00000000 00000000
0x000001e0: 00000000 00000000 00000000 00000000
0x000001f0: 00000000 00000000 00000000 00000000
0x00000200: 00000000 00000000 00000000 00000000
0x00000210: 00000000 00000000 00000000 00000000
0x00000220: 00000000 00000000 00000000 00000000
0x00000230: 00000000 00000000 00000000 00000000
0x00000240: 00000000 00000000 00000000 00000000
0x00000250: 00000000 00000000 00000000 00000000
0x00000260: 00000000 00000000 00000000 00000000
0x00000270: 00000000 00000000 00000000 00000000
0x00000280: 00000000 00000000 00000000 00000000
0x00000290: 00000000 00000000 00000000 00000000
0x000002a0: 00000000 00000000 00000000 00000000
0x000002b0: 00000000 00000000 00000000 00000000
0x000002c0: 00000000 00000000 00000000 00000000
0x000002d0: 00000000 00000000 00000000 00000000
0x000002e0: 00000000 00000000 00000000 00000000
0x000002f0: 00000000 00000000 00000000 00000000
0x00000300: 00000000 00000000 00000000 00000000
0x00000310: 00000000 00000000 00000000 00000000
0x00000320: 00000000 00000000 00000000 00000000
0x00000330: 00000000 00000000 00000000 00000000
0x00000340: 00000000 00000000 00000000 00000000
0x00000350: 00000000 00000000 00000000 00000000
0x00000360: 00000000 00000000 00000000 00000000
0x00000370: 00000000 00000000 00000000 00000000
0x00000380: 00000000 00000000 00000000 00000000
0x00000390: 00000000 00000000 00000000 00000000
0x000003a0: 00000000 00000000 00000000 00000000
0x000003b0: 00000000 00000000 00000000 00000000
0x000003c0: 00000000 00000000 00000000 00000000
0x000003d0: 00000000 00000000 00000000 00000000
0x000003e0: 00000000 00000000 00000000 00000000
0x000003f0: 00000000 00000000 00000000 00000000
0x00000400: 00000000 00000000 00000000 00000000
0x00000410: 00000000 00000000 00000000 00000000
0x00000420: 00000000 00000000 00000000 00000000
0x00000430: 00000000 00000000 00000000 00000000
0x00000440: 00000000 00000000 00000000 00000000
0x00000450: 00000000 00000000 00000000 00000000
0x00000460: 00000000 00000000 00000000 00000000
0x00000470: 00000000 00000000 00000000 00000000
0x00000480: 00000000 00000000 00000000 00000000
0x00000490: 00000000 00000000 00000000 00000000
0x000004a0: 00000000 00000000 00000000 00000000
0x000004b0: 00000000 00000000 00000000 00000000
0x000004c0: 00000000 00000000 00000000 00000000
0x000004d0: 00000000 00000000 00000000 00000000
0x000004e0: 00000000 00000000 00000000 00000000
===== sample 4 1778904993103 =====
--- /sys/kernel/thermal/apu_info
666666666,666666666,666666666
--- /sys/kernel/thermal/is_apu_limit
0
--- /sys/kernel/thermal/apu_atc
666666666,666666666,666666666
--- /sys/class/devfreq/soc:mdla-devfreq/cur_freq
900000000
--- /sys/class/devfreq/soc:mdla-devfreq/available_frequencies
330000000 500000000 615000000 755000000 900000000 1000000000 1100000000
--- /sys/class/devfreq/soc:mdla-devfreq/trans_stat
     From  :   To
           : 330000000 500000000 615000000 755000000 90000000010000000001100000000   time(ms)
  330000000:         0         0         0         0         0         0         0         0
  500000000:         0         0         0         0         0         0         0         0
  615000000:         0         0         0         0         0         0         0         0
  755000000:         0         0         0         0         0         0         0         0
* 900000000:         0         0         0         0         0         0         0         0
 1000000000:         0         0         0         0         0         0         0         0
 1100000000:         0         0         0         0         0         0         0         0
Total transition : 0
--- /sys/kernel/debug/mdla/mdla_memory
------- dump debug info  -------
0x00000000: 00000000 00000000 00000000 00000000
0x00000010: 00000000 00000000 00000000 00000000
0x00000020: 00000000 00000000 00000000 00000000
0x00000030: 00000000 00000000 00000000 00000000
0x00000040: 00000000 00000000 00000000 00000000
0x00000050: 00000000 00000000 00000000 00000000
0x00000060: 00000000 00000000 00000000 00000000
0x00000070: 00000000 00000000 00000000 00000000
0x00000080: 00000000 00000000 00000000 00000000
0x00000090: 00000000 00000000 00000000 00000000
0x000000a0: 00000000 00000000 00000000 00000000
0x000000b0: 00000000 00000000 00000000 00000000
0x000000c0: 00000000 00000000 00000000 00000000
0x000000d0: 00000000 00000000 00000000 00000000
0x000000e0: 00000000 00000000 00000000 00000000
0x000000f0: 00000000 00000000 00000000 00000000
0x00000100: 00000000 00000000 00000000 00000000
0x00000110: 00000000 00000000 00000000 00000000
0x00000120: 00000000 00000000 00000000 00000000
0x00000130: 00000000 00000000 00000000 00000000
0x00000140: 00000000 00000000 00000000 00000000
0x00000150: 00000000 00000000 00000000 00000000
0x00000160: 00000000 00000000 00000000 00000000
0x00000170: 00000000 00000000 00000000 00000000
0x00000180: 00000000 00000000 00000000 00000000
0x00000190: 00000000 00000000 00000000 00000000
0x000001a0: 00000000 00000000 00000000 00000000
0x000001b0: 00000000 00000000 00000000 00000000
0x000001c0: 00000000 00000000 00000000 00000000
0x000001d0: 00000000 00000000 00000000 00000000
0x000001e0: 00000000 00000000 00000000 00000000
0x000001f0: 00000000 00000000 00000000 00000000
0x00000200: 00000000 00000000 00000000 00000000
0x00000210: 00000000 00000000 00000000 00000000
0x00000220: 00000000 00000000 00000000 00000000
0x00000230: 00000000 00000000 00000000 00000000
0x00000240: 00000000 00000000 00000000 00000000
0x00000250: 00000000 00000000 00000000 00000000
0x00000260: 00000000 00000000 00000000 00000000
0x00000270: 00000000 00000000 00000000 00000000
0x00000280: 00000000 00000000 00000000 00000000
0x00000290: 00000000 00000000 00000000 00000000
0x000002a0: 00000000 00000000 00000000 00000000
0x000002b0: 00000000 00000000 00000000 00000000
0x000002c0: 00000000 00000000 00000000 00000000
0x000002d0: 00000000 00000000 00000000 00000000
0x000002e0: 00000000 00000000 00000000 00000000
0x000002f0: 00000000 00000000 00000000 00000000
0x00000300: 00000000 00000000 00000000 00000000
0x00000310: 00000000 00000000 00000000 00000000
0x00000320: 00000000 00000000 00000000 00000000
0x00000330: 00000000 00000000 00000000 00000000
0x00000340: 00000000 00000000 00000000 00000000
0x00000350: 00000000 00000000 00000000 00000000
0x00000360: 00000000 00000000 00000000 00000000
0x00000370: 00000000 00000000 00000000 00000000
0x00000380: 00000000 00000000 00000000 00000000
0x00000390: 00000000 00000000 00000000 00000000
0x000003a0: 00000000 00000000 00000000 00000000
0x000003b0: 00000000 00000000 00000000 00000000
0x000003c0: 00000000 00000000 00000000 00000000
0x000003d0: 00000000 00000000 00000000 00000000
0x000003e0: 00000000 00000000 00000000 00000000
0x000003f0: 00000000 00000000 00000000 00000000
0x00000400: 00000000 00000000 00000000 00000000
0x00000410: 00000000 00000000 00000000 00000000
0x00000420: 00000000 00000000 00000000 00000000
0x00000430: 00000000 00000000 00000000 00000000
0x00000440: 00000000 00000000 00000000 00000000
0x00000450: 00000000 00000000 00000000 00000000
0x00000460: 00000000 00000000 00000000 00000000
0x00000470: 00000000 00000000 00000000 00000000
0x00000480: 00000000 00000000 00000000 00000000
0x00000490: 00000000 00000000 00000000 00000000
0x000004a0: 00000000 00000000 00000000 00000000
0x000004b0: 00000000 00000000 00000000 00000000
0x000004c0: 00000000 00000000 00000000 00000000
0x000004d0: 00000000 00000000 00000000 00000000
0x000004e0: 00000000 00000000 00000000 00000000
===== sample 5 1778904998182 =====
--- /sys/kernel/thermal/apu_info
666666666,666666666,666666666
--- /sys/kernel/thermal/is_apu_limit
0
--- /sys/kernel/thermal/apu_atc
666666666,666666666,666666666
--- /sys/class/devfreq/soc:mdla-devfreq/cur_freq
900000000
--- /sys/class/devfreq/soc:mdla-devfreq/available_frequencies
330000000 500000000 615000000 755000000 900000000 1000000000 1100000000
--- /sys/class/devfreq/soc:mdla-devfreq/trans_stat
     From  :   To
           : 330000000 500000000 615000000 755000000 90000000010000000001100000000   time(ms)
  330000000:         0         0         0         0         0         0         0         0
  500000000:         0         0         0         0         0         0         0         0
  615000000:         0         0         0         0         0         0         0         0
  755000000:         0         0         0         0         0         0         0         0
* 900000000:         0         0         0         0         0         0         0         0
 1000000000:         0         0         0         0         0         0         0         0
 1100000000:         0         0         0         0         0         0         0         0
Total transition : 0
--- /sys/kernel/debug/mdla/mdla_memory
------- dump debug info  -------
0x00000000: 00000000 00000000 00000000 00000000
0x00000010: 00000000 00000000 00000000 00000000
0x00000020: 00000000 00000000 00000000 00000000
0x00000030: 00000000 00000000 00000000 00000000
0x00000040: 00000000 00000000 00000000 00000000
0x00000050: 00000000 00000000 00000000 00000000
0x00000060: 00000000 00000000 00000000 00000000
0x00000070: 00000000 00000000 00000000 00000000
0x00000080: 00000000 00000000 00000000 00000000
0x00000090: 00000000 00000000 00000000 00000000
0x000000a0: 00000000 00000000 00000000 00000000
0x000000b0: 00000000 00000000 00000000 00000000
0x000000c0: 00000000 00000000 00000000 00000000
0x000000d0: 00000000 00000000 00000000 00000000
0x000000e0: 00000000 00000000 00000000 00000000
0x000000f0: 00000000 00000000 00000000 00000000
0x00000100: 00000000 00000000 00000000 00000000
0x00000110: 00000000 00000000 00000000 00000000
0x00000120: 00000000 00000000 00000000 00000000
0x00000130: 00000000 00000000 00000000 00000000
0x00000140: 00000000 00000000 00000000 00000000
0x00000150: 00000000 00000000 00000000 00000000
0x00000160: 00000000 00000000 00000000 00000000
0x00000170: 00000000 00000000 00000000 00000000
0x00000180: 00000000 00000000 00000000 00000000
0x00000190: 00000000 00000000 00000000 00000000
0x000001a0: 00000000 00000000 00000000 00000000
0x000001b0: 00000000 00000000 00000000 00000000
0x000001c0: 00000000 00000000 00000000 00000000
0x000001d0: 00000000 00000000 00000000 00000000
0x000001e0: 00000000 00000000 00000000 00000000
0x000001f0: 00000000 00000000 00000000 00000000
0x00000200: 00000000 00000000 00000000 00000000
0x00000210: 00000000 00000000 00000000 00000000
0x00000220: 00000000 00000000 00000000 00000000
0x00000230: 00000000 00000000 00000000 00000000
0x00000240: 00000000 00000000 00000000 00000000
0x00000250: 00000000 00000000 00000000 00000000
0x00000260: 00000000 00000000 00000000 00000000
0x00000270: 00000000 00000000 00000000 00000000
0x00000280: 00000000 00000000 00000000 00000000
0x00000290: 00000000 00000000 00000000 00000000
0x000002a0: 00000000 00000000 00000000 00000000
0x000002b0: 00000000 00000000 00000000 00000000
0x000002c0: 00000000 00000000 00000000 00000000
0x000002d0: 00000000 00000000 00000000 00000000
0x000002e0: 00000000 00000000 00000000 00000000
0x000002f0: 00000000 00000000 00000000 00000000
0x00000300: 00000000 00000000 00000000 00000000
0x00000310: 00000000 00000000 00000000 00000000
0x00000320: 00000000 00000000 00000000 00000000
0x00000330: 00000000 00000000 00000000 00000000
0x00000340: 00000000 00000000 00000000 00000000
0x00000350: 00000000 00000000 00000000 00000000
0x00000360: 00000000 00000000 00000000 00000000
0x00000370: 00000000 00000000 00000000 00000000
0x00000380: 00000000 00000000 00000000 00000000
0x00000390: 00000000 00000000 00000000 00000000
0x000003a0: 00000000 00000000 00000000 00000000
0x000003b0: 00000000 00000000 00000000 00000000
0x000003c0: 00000000 00000000 00000000 00000000
0x000003d0: 00000000 00000000 00000000 00000000
0x000003e0: 00000000 00000000 00000000 00000000
0x000003f0: 00000000 00000000 00000000 00000000
0x00000400: 00000000 00000000 00000000 00000000
0x00000410: 00000000 00000000 00000000 00000000
0x00000420: 00000000 00000000 00000000 00000000
0x00000430: 00000000 00000000 00000000 00000000
0x00000440: 00000000 00000000 00000000 00000000
0x00000450: 00000000 00000000 00000000 00000000
0x00000460: 00000000 00000000 00000000 00000000
0x00000470: 00000000 00000000 00000000 00000000
0x00000480: 00000000 00000000 00000000 00000000
0x00000490: 00000000 00000000 00000000 00000000
0x000004a0: 00000000 00000000 00000000 00000000
0x000004b0: 00000000 00000000 00000000 00000000
0x000004c0: 00000000 00000000 00000000 00000000
0x000004d0: 00000000 00000000 00000000 00000000
0x000004e0: 00000000 00000000 00000000 00000000
===== sample 6 1778905002907 =====
--- /sys/kernel/thermal/apu_info
666666666,666666666,666666666
--- /sys/kernel/thermal/is_apu_limit
0
--- /sys/kernel/thermal/apu_atc
666666666,666666666,666666666
--- /sys/class/devfreq/soc:mdla-devfreq/cur_freq
900000000
--- /sys/class/devfreq/soc:mdla-devfreq/available_frequencies
330000000 500000000 615000000 755000000 900000000 1000000000 1100000000
--- /sys/class/devfreq/soc:mdla-devfreq/trans_stat
     From  :   To
           : 330000000 500000000 615000000 755000000 90000000010000000001100000000   time(ms)
  330000000:         0         0         0         0         0         0         0         0
  500000000:         0         0         0         0         0         0         0         0
  615000000:         0         0         0         0         0         0         0         0
  755000000:         0         0         0         0         0         0         0         0
* 900000000:         0         0         0         0         0         0         0         0
 1000000000:         0         0         0         0         0         0         0         0
 1100000000:         0         0         0         0         0         0         0         0
Total transition : 0
--- /sys/kernel/debug/mdla/mdla_memory
------- dump debug info  -------
0x00000000: 00000000 00000000 00000000 00000000
0x00000010: 00000000 00000000 00000000 00000000
0x00000020: 00000000 00000000 00000000 00000000
0x00000030: 00000000 00000000 00000000 00000000
0x00000040: 00000000 00000000 00000000 00000000
0x00000050: 00000000 00000000 00000000 00000000
0x00000060: 00000000 00000000 00000000 00000000
0x00000070: 00000000 00000000 00000000 00000000
0x00000080: 00000000 00000000 00000000 00000000
0x00000090: 00000000 00000000 00000000 00000000
0x000000a0: 00000000 00000000 00000000 00000000
0x000000b0: 00000000 00000000 00000000 00000000
0x000000c0: 00000000 00000000 00000000 00000000
0x000000d0: 00000000 00000000 00000000 00000000
0x000000e0: 00000000 00000000 00000000 00000000
0x000000f0: 00000000 00000000 00000000 00000000
0x00000100: 00000000 00000000 00000000 00000000
0x00000110: 00000000 00000000 00000000 00000000
0x00000120: 00000000 00000000 00000000 00000000
0x00000130: 00000000 00000000 00000000 00000000
0x00000140: 00000000 00000000 00000000 00000000
0x00000150: 00000000 00000000 00000000 00000000
0x00000160: 00000000 00000000 00000000 00000000
0x00000170: 00000000 00000000 00000000 00000000
0x00000180: 00000000 00000000 00000000 00000000
0x00000190: 00000000 00000000 00000000 00000000
0x000001a0: 00000000 00000000 00000000 00000000
0x000001b0: 00000000 00000000 00000000 00000000
0x000001c0: 00000000 00000000 00000000 00000000
0x000001d0: 00000000 00000000 00000000 00000000
0x000001e0: 00000000 00000000 00000000 00000000
0x000001f0: 00000000 00000000 00000000 00000000
0x00000200: 00000000 00000000 00000000 00000000
0x00000210: 00000000 00000000 00000000 00000000
0x00000220: 00000000 00000000 00000000 00000000
0x00000230: 00000000 00000000 00000000 00000000
0x00000240: 00000000 00000000 00000000 00000000
0x00000250: 00000000 00000000 00000000 00000000
0x00000260: 00000000 00000000 00000000 00000000
0x00000270: 00000000 00000000 00000000 00000000
0x00000280: 00000000 00000000 00000000 00000000
0x00000290: 00000000 00000000 00000000 00000000
0x000002a0: 00000000 00000000 00000000 00000000
0x000002b0: 00000000 00000000 00000000 00000000
0x000002c0: 00000000 00000000 00000000 00000000
0x000002d0: 00000000 00000000 00000000 00000000
0x000002e0: 00000000 00000000 00000000 00000000
0x000002f0: 00000000 00000000 00000000 00000000
0x00000300: 00000000 00000000 00000000 00000000
0x00000310: 00000000 00000000 00000000 00000000
0x00000320: 00000000 00000000 00000000 00000000
0x00000330: 00000000 00000000 00000000 00000000
0x00000340: 00000000 00000000 00000000 00000000
0x00000350: 00000000 00000000 00000000 00000000
0x00000360: 00000000 00000000 00000000 00000000
0x00000370: 00000000 00000000 00000000 00000000
0x00000380: 00000000 00000000 00000000 00000000
0x00000390: 00000000 00000000 00000000 00000000
0x000003a0: 00000000 00000000 00000000 00000000
0x000003b0: 00000000 00000000 00000000 00000000
0x000003c0: 00000000 00000000 00000000 00000000
0x000003d0: 00000000 00000000 00000000 00000000
0x000003e0: 00000000 00000000 00000000 00000000
0x000003f0: 00000000 00000000 00000000 00000000
0x00000400: 00000000 00000000 00000000 00000000
0x00000410: 00000000 00000000 00000000 00000000
0x00000420: 00000000 00000000 00000000 00000000
0x00000430: 00000000 00000000 00000000 00000000
0x00000440: 00000000 00000000 00000000 00000000
0x00000450: 00000000 00000000 00000000 00000000
0x00000460: 00000000 00000000 00000000 00000000
0x00000470: 00000000 00000000 00000000 00000000
0x00000480: 00000000 00000000 00000000 00000000
0x00000490: 00000000 00000000 00000000 00000000
0x000004a0: 00000000 00000000 00000000 00000000
0x000004b0: 00000000 00000000 00000000 00000000
0x000004c0: 00000000 00000000 00000000 00000000
0x000004d0: 00000000 00000000 00000000 00000000
0x000004e0: 00000000 00000000 00000000 00000000
===== sample 7 1778905007337 =====
--- /sys/kernel/thermal/apu_info
666666666,666666666,666666666
--- /sys/kernel/thermal/is_apu_limit
0
--- /sys/kernel/thermal/apu_atc
666666666,666666666,666666666
--- /sys/class/devfreq/soc:mdla-devfreq/cur_freq
900000000
--- /sys/class/devfreq/soc:mdla-devfreq/available_frequencies
330000000 500000000 615000000 755000000 900000000 1000000000 1100000000
--- /sys/class/devfreq/soc:mdla-devfreq/trans_stat
     From  :   To
           : 330000000 500000000 615000000 755000000 90000000010000000001100000000   time(ms)
  330000000:         0         0         0         0         0         0         0         0
  500000000:         0         0         0         0         0         0         0         0
  615000000:         0         0         0         0         0         0         0         0
  755000000:         0         0         0         0         0         0         0         0
* 900000000:         0         0         0         0         0         0         0         0
 1000000000:         0         0         0         0         0         0         0         0
 1100000000:         0         0         0         0         0         0         0         0
Total transition : 0
--- /sys/kernel/debug/mdla/mdla_memory
------- dump debug info  -------
0x00000000: 00000000 00000000 00000000 00000000
0x00000010: 00000000 00000000 00000000 00000000
0x00000020: 00000000 00000000 00000000 00000000
0x00000030: 00000000 00000000 00000000 00000000
0x00000040: 00000000 00000000 00000000 00000000
0x00000050: 00000000 00000000 00000000 00000000
0x00000060: 00000000 00000000 00000000 00000000
0x00000070: 00000000 00000000 00000000 00000000
0x00000080: 00000000 00000000 00000000 00000000
0x00000090: 00000000 00000000 00000000 00000000
0x000000a0: 00000000 00000000 00000000 00000000
0x000000b0: 00000000 00000000 00000000 00000000
0x000000c0: 00000000 00000000 00000000 00000000
0x000000d0: 00000000 00000000 00000000 00000000
0x000000e0: 00000000 00000000 00000000 00000000
0x000000f0: 00000000 00000000 00000000 00000000
0x00000100: 00000000 00000000 00000000 00000000
0x00000110: 00000000 00000000 00000000 00000000
0x00000120: 00000000 00000000 00000000 00000000
0x00000130: 00000000 00000000 00000000 00000000
0x00000140: 00000000 00000000 00000000 00000000
0x00000150: 00000000 00000000 00000000 00000000
0x00000160: 00000000 00000000 00000000 00000000
0x00000170: 00000000 00000000 00000000 00000000
0x00000180: 00000000 00000000 00000000 00000000
0x00000190: 00000000 00000000 00000000 00000000
0x000001a0: 00000000 00000000 00000000 00000000
0x000001b0: 00000000 00000000 00000000 00000000
0x000001c0: 00000000 00000000 00000000 00000000
0x000001d0: 00000000 00000000 00000000 00000000
0x000001e0: 00000000 00000000 00000000 00000000
0x000001f0: 00000000 00000000 00000000 00000000
0x00000200: 00000000 00000000 00000000 00000000
0x00000210: 00000000 00000000 00000000 00000000
0x00000220: 00000000 00000000 00000000 00000000
0x00000230: 00000000 00000000 00000000 00000000
0x00000240: 00000000 00000000 00000000 00000000
0x00000250: 00000000 00000000 00000000 00000000
0x00000260: 00000000 00000000 00000000 00000000
0x00000270: 00000000 00000000 00000000 00000000
0x00000280: 00000000 00000000 00000000 00000000
0x00000290: 00000000 00000000 00000000 00000000
0x000002a0: 00000000 00000000 00000000 00000000
0x000002b0: 00000000 00000000 00000000 00000000
0x000002c0: 00000000 00000000 00000000 00000000
0x000002d0: 00000000 00000000 00000000 00000000
0x000002e0: 00000000 00000000 00000000 00000000
0x000002f0: 00000000 00000000 00000000 00000000
0x00000300: 00000000 00000000 00000000 00000000
0x00000310: 00000000 00000000 00000000 00000000
0x00000320: 00000000 00000000 00000000 00000000
0x00000330: 00000000 00000000 00000000 00000000
0x00000340: 00000000 00000000 00000000 00000000
0x00000350: 00000000 00000000 00000000 00000000
0x00000360: 00000000 00000000 00000000 00000000
0x00000370: 00000000 00000000 00000000 00000000
0x00000380: 00000000 00000000 00000000 00000000
0x00000390: 00000000 00000000 00000000 00000000
0x000003a0: 00000000 00000000 00000000 00000000
0x000003b0: 00000000 00000000 00000000 00000000
0x000003c0: 00000000 00000000 00000000 00000000
0x000003d0: 00000000 00000000 00000000 00000000
0x000003e0: 00000000 00000000 00000000 00000000
0x000003f0: 00000000 00000000 00000000 00000000
0x00000400: 00000000 00000000 00000000 00000000
0x00000410: 00000000 00000000 00000000 00000000
0x00000420: 00000000 00000000 00000000 00000000
0x00000430: 00000000 00000000 00000000 00000000
0x00000440: 00000000 00000000 00000000 00000000
0x00000450: 00000000 00000000 00000000 00000000
0x00000460: 00000000 00000000 00000000 00000000
0x00000470: 00000000 00000000 00000000 00000000
0x00000480: 00000000 00000000 00000000 00000000
0x00000490: 00000000 00000000 00000000 00000000
0x000004a0: 00000000 00000000 00000000 00000000
0x000004b0: 00000000 00000000 00000000 00000000
0x000004c0: 00000000 00000000 00000000 00000000
0x000004d0: 00000000 00000000 00000000 00000000
0x000004e0: 00000000 00000000 00000000 00000000
===== sample 8 1778905011803 =====
--- /sys/kernel/thermal/apu_info
666666666,666666666,666666666
--- /sys/kernel/thermal/is_apu_limit
0
--- /sys/kernel/thermal/apu_atc
666666666,666666666,666666666
--- /sys/class/devfreq/soc:mdla-devfreq/cur_freq
900000000
--- /sys/class/devfreq/soc:mdla-devfreq/available_frequencies
330000000 500000000 615000000 755000000 900000000 1000000000 1100000000
--- /sys/class/devfreq/soc:mdla-devfreq/trans_stat
     From  :   To
           : 330000000 500000000 615000000 755000000 90000000010000000001100000000   time(ms)
  330000000:         0         0         0         0         0         0         0         0
  500000000:         0         0         0         0         0         0         0         0
  615000000:         0         0         0         0         0         0         0         0
  755000000:         0         0         0         0         0         0         0         0
* 900000000:         0         0         0         0         0         0         0         0
 1000000000:         0         0         0         0         0         0         0         0
 1100000000:         0         0         0         0         0         0         0         0
Total transition : 0
--- /sys/kernel/debug/mdla/mdla_memory
------- dump debug info  -------
0x00000000: 00000000 00000000 00000000 00000000
0x00000010: 00000000 00000000 00000000 00000000
0x00000020: 00000000 00000000 00000000 00000000
0x00000030: 00000000 00000000 00000000 00000000
0x00000040: 00000000 00000000 00000000 00000000
0x00000050: 00000000 00000000 00000000 00000000
0x00000060: 00000000 00000000 00000000 00000000
0x00000070: 00000000 00000000 00000000 00000000
0x00000080: 00000000 00000000 00000000 00000000
0x00000090: 00000000 00000000 00000000 00000000
0x000000a0: 00000000 00000000 00000000 00000000
0x000000b0: 00000000 00000000 00000000 00000000
0x000000c0: 00000000 00000000 00000000 00000000
0x000000d0: 00000000 00000000 00000000 00000000
0x000000e0: 00000000 00000000 00000000 00000000
0x000000f0: 00000000 00000000 00000000 00000000
0x00000100: 00000000 00000000 00000000 00000000
0x00000110: 00000000 00000000 00000000 00000000
0x00000120: 00000000 00000000 00000000 00000000
0x00000130: 00000000 00000000 00000000 00000000
0x00000140: 00000000 00000000 00000000 00000000
0x00000150: 00000000 00000000 00000000 00000000
0x00000160: 00000000 00000000 00000000 00000000
0x00000170: 00000000 00000000 00000000 00000000
0x00000180: 00000000 00000000 00000000 00000000
0x00000190: 00000000 00000000 00000000 00000000
0x000001a0: 00000000 00000000 00000000 00000000
0x000001b0: 00000000 00000000 00000000 00000000
0x000001c0: 00000000 00000000 00000000 00000000
0x000001d0: 00000000 00000000 00000000 00000000
0x000001e0: 00000000 00000000 00000000 00000000
0x000001f0: 00000000 00000000 00000000 00000000
0x00000200: 00000000 00000000 00000000 00000000
0x00000210: 00000000 00000000 00000000 00000000
0x00000220: 00000000 00000000 00000000 00000000
0x00000230: 00000000 00000000 00000000 00000000
0x00000240: 00000000 00000000 00000000 00000000
0x00000250: 00000000 00000000 00000000 00000000
0x00000260: 00000000 00000000 00000000 00000000
0x00000270: 00000000 00000000 00000000 00000000
0x00000280: 00000000 00000000 00000000 00000000
0x00000290: 00000000 00000000 00000000 00000000
0x000002a0: 00000000 00000000 00000000 00000000
0x000002b0: 00000000 00000000 00000000 00000000
0x000002c0: 00000000 00000000 00000000 00000000
0x000002d0: 00000000 00000000 00000000 00000000
0x000002e0: 00000000 00000000 00000000 00000000
0x000002f0: 00000000 00000000 00000000 00000000
0x00000300: 00000000 00000000 00000000 00000000
0x00000310: 00000000 00000000 00000000 00000000
0x00000320: 00000000 00000000 00000000 00000000
0x00000330: 00000000 00000000 00000000 00000000
0x00000340: 00000000 00000000 00000000 00000000
0x00000350: 00000000 00000000 00000000 00000000
0x00000360: 00000000 00000000 00000000 00000000
0x00000370: 00000000 00000000 00000000 00000000
0x00000380: 00000000 00000000 00000000 00000000
0x00000390: 00000000 00000000 00000000 00000000
0x000003a0: 00000000 00000000 00000000 00000000
0x000003b0: 00000000 00000000 00000000 00000000
0x000003c0: 00000000 00000000 00000000 00000000
0x000003d0: 00000000 00000000 00000000 00000000
0x000003e0: 00000000 00000000 00000000 00000000
0x000003f0: 00000000 00000000 00000000 00000000
0x00000400: 00000000 00000000 00000000 00000000
0x00000410: 00000000 00000000 00000000 00000000
0x00000420: 00000000 00000000 00000000 00000000
0x00000430: 00000000 00000000 00000000 00000000
0x00000440: 00000000 00000000 00000000 00000000
0x00000450: 00000000 00000000 00000000 00000000
0x00000460: 00000000 00000000 00000000 00000000
0x00000470: 00000000 00000000 00000000 00000000
0x00000480: 00000000 00000000 00000000 00000000
0x00000490: 00000000 00000000 00000000 00000000
0x000004a0: 00000000 00000000 00000000 00000000
0x000004b0: 00000000 00000000 00000000 00000000
0x000004c0: 00000000 00000000 00000000 00000000
0x000004d0: 00000000 00000000 00000000 00000000
0x000004e0: 00000000 00000000 00000000 00000000
===== sample 9 1778905016545 =====
--- /sys/kernel/thermal/apu_info
666666666,666666666,666666666
--- /sys/kernel/thermal/is_apu_limit
0
--- /sys/kernel/thermal/apu_atc
666666666,666666666,666666666
--- /sys/class/devfreq/soc:mdla-devfreq/cur_freq
900000000
--- /sys/class/devfreq/soc:mdla-devfreq/available_frequencies
330000000 500000000 615000000 755000000 900000000 1000000000 1100000000
--- /sys/class/devfreq/soc:mdla-devfreq/trans_stat
     From  :   To
           : 330000000 500000000 615000000 755000000 90000000010000000001100000000   time(ms)
  330000000:         0         0         0         0         0         0         0         0
  500000000:         0         0         0         0         0         0         0         0
  615000000:         0         0         0         0         0         0         0         0
  755000000:         0         0         0         0         0         0         0         0
* 900000000:         0         0         0         0         0         0         0         0
 1000000000:         0         0         0         0         0         0         0         0
 1100000000:         0         0         0         0         0         0         0         0
Total transition : 0
--- /sys/kernel/debug/mdla/mdla_memory
------- dump debug info  -------
0x00000000: 00000000 00000000 00000000 00000000
0x00000010: 00000000 00000000 00000000 00000000
0x00000020: 00000000 00000000 00000000 00000000
0x00000030: 00000000 00000000 00000000 00000000
0x00000040: 00000000 00000000 00000000 00000000
0x00000050: 00000000 00000000 00000000 00000000
0x00000060: 00000000 00000000 00000000 00000000
0x00000070: 00000000 00000000 00000000 00000000
0x00000080: 00000000 00000000 00000000 00000000
0x00000090: 00000000 00000000 00000000 00000000
0x000000a0: 00000000 00000000 00000000 00000000
0x000000b0: 00000000 00000000 00000000 00000000
0x000000c0: 00000000 00000000 00000000 00000000
0x000000d0: 00000000 00000000 00000000 00000000
0x000000e0: 00000000 00000000 00000000 00000000
0x000000f0: 00000000 00000000 00000000 00000000
0x00000100: 00000000 00000000 00000000 00000000
0x00000110: 00000000 00000000 00000000 00000000
0x00000120: 00000000 00000000 00000000 00000000
0x00000130: 00000000 00000000 00000000 00000000
0x00000140: 00000000 00000000 00000000 00000000
0x00000150: 00000000 00000000 00000000 00000000
0x00000160: 00000000 00000000 00000000 00000000
0x00000170: 00000000 00000000 00000000 00000000
0x00000180: 00000000 00000000 00000000 00000000
0x00000190: 00000000 00000000 00000000 00000000
0x000001a0: 00000000 00000000 00000000 00000000
0x000001b0: 00000000 00000000 00000000 00000000
0x000001c0: 00000000 00000000 00000000 00000000
0x000001d0: 00000000 00000000 00000000 00000000
0x000001e0: 00000000 00000000 00000000 00000000
0x000001f0: 00000000 00000000 00000000 00000000
0x00000200: 00000000 00000000 00000000 00000000
0x00000210: 00000000 00000000 00000000 00000000
0x00000220: 00000000 00000000 00000000 00000000
0x00000230: 00000000 00000000 00000000 00000000
0x00000240: 00000000 00000000 00000000 00000000
0x00000250: 00000000 00000000 00000000 00000000
0x00000260: 00000000 00000000 00000000 00000000
0x00000270: 00000000 00000000 00000000 00000000
0x00000280: 00000000 00000000 00000000 00000000
0x00000290: 00000000 00000000 00000000 00000000
0x000002a0: 00000000 00000000 00000000 00000000
0x000002b0: 00000000 00000000 00000000 00000000
0x000002c0: 00000000 00000000 00000000 00000000
0x000002d0: 00000000 00000000 00000000 00000000
0x000002e0: 00000000 00000000 00000000 00000000
0x000002f0: 00000000 00000000 00000000 00000000
0x00000300: 00000000 00000000 00000000 00000000
0x00000310: 00000000 00000000 00000000 00000000
0x00000320: 00000000 00000000 00000000 00000000
0x00000330: 00000000 00000000 00000000 00000000
0x00000340: 00000000 00000000 00000000 00000000
0x00000350: 00000000 00000000 00000000 00000000
0x00000360: 00000000 00000000 00000000 00000000
0x00000370: 00000000 00000000 00000000 00000000
0x00000380: 00000000 00000000 00000000 00000000
0x00000390: 00000000 00000000 00000000 00000000
0x000003a0: 00000000 00000000 00000000 00000000
0x000003b0: 00000000 00000000 00000000 00000000
0x000003c0: 00000000 00000000 00000000 00000000
0x000003d0: 00000000 00000000 00000000 00000000
0x000003e0: 00000000 00000000 00000000 00000000
0x000003f0: 00000000 00000000 00000000 00000000
0x00000400: 00000000 00000000 00000000 00000000
0x00000410: 00000000 00000000 00000000 00000000
0x00000420: 00000000 00000000 00000000 00000000
0x00000430: 00000000 00000000 00000000 00000000
0x00000440: 00000000 00000000 00000000 00000000
0x00000450: 00000000 00000000 00000000 00000000
0x00000460: 00000000 00000000 00000000 00000000
0x00000470: 00000000 00000000 00000000 00000000
0x00000480: 00000000 00000000 00000000 00000000
0x00000490: 00000000 00000000 00000000 00000000
0x000004a0: 00000000 00000000 00000000 00000000
0x000004b0: 00000000 00000000 00000000 00000000
0x000004c0: 00000000 00000000 00000000 00000000
0x000004d0: 00000000 00000000 00000000 00000000
0x000004e0: 00000000 00000000 00000000 00000000
===== sample 10 1778905021186 =====
--- /sys/kernel/thermal/apu_info
666666666,666666666,666666666
--- /sys/kernel/thermal/is_apu_limit
0
--- /sys/kernel/thermal/apu_atc
666666666,666666666,666666666
--- /sys/class/devfreq/soc:mdla-devfreq/cur_freq
900000000
--- /sys/class/devfreq/soc:mdla-devfreq/available_frequencies
330000000 500000000 615000000 755000000 900000000 1000000000 1100000000
--- /sys/class/devfreq/soc:mdla-devfreq/trans_stat
     From  :   To
           : 330000000 500000000 615000000 755000000 90000000010000000001100000000   time(ms)
  330000000:         0         0         0         0         0         0         0         0
  500000000:         0         0         0         0         0         0         0         0
  615000000:         0         0         0         0         0         0         0         0
  755000000:         0         0         0         0         0         0         0         0
* 900000000:         0         0         0         0         0         0         0         0
 1000000000:         0         0         0         0         0         0         0         0
 1100000000:         0         0         0         0         0         0         0         0
Total transition : 0
--- /sys/kernel/debug/mdla/mdla_memory
------- dump debug info  -------
0x00000000: 00000000 00000000 00000000 00000000
0x00000010: 00000000 00000000 00000000 00000000
0x00000020: 00000000 00000000 00000000 00000000
0x00000030: 00000000 00000000 00000000 00000000
0x00000040: 00000000 00000000 00000000 00000000
0x00000050: 00000000 00000000 00000000 00000000
0x00000060: 00000000 00000000 00000000 00000000
0x00000070: 00000000 00000000 00000000 00000000
0x00000080: 00000000 00000000 00000000 00000000
0x00000090: 00000000 00000000 00000000 00000000
0x000000a0: 00000000 00000000 00000000 00000000
0x000000b0: 00000000 00000000 00000000 00000000
0x000000c0: 00000000 00000000 00000000 00000000
0x000000d0: 00000000 00000000 00000000 00000000
0x000000e0: 00000000 00000000 00000000 00000000
0x000000f0: 00000000 00000000 00000000 00000000
0x00000100: 00000000 00000000 00000000 00000000
0x00000110: 00000000 00000000 00000000 00000000
0x00000120: 00000000 00000000 00000000 00000000
0x00000130: 00000000 00000000 00000000 00000000
0x00000140: 00000000 00000000 00000000 00000000
0x00000150: 00000000 00000000 00000000 00000000
0x00000160: 00000000 00000000 00000000 00000000
0x00000170: 00000000 00000000 00000000 00000000
0x00000180: 00000000 00000000 00000000 00000000
0x00000190: 00000000 00000000 00000000 00000000
0x000001a0: 00000000 00000000 00000000 00000000
0x000001b0: 00000000 00000000 00000000 00000000
0x000001c0: 00000000 00000000 00000000 00000000
0x000001d0: 00000000 00000000 00000000 00000000
0x000001e0: 00000000 00000000 00000000 00000000
0x000001f0: 00000000 00000000 00000000 00000000
0x00000200: 00000000 00000000 00000000 00000000
0x00000210: 00000000 00000000 00000000 00000000
0x00000220: 00000000 00000000 00000000 00000000
0x00000230: 00000000 00000000 00000000 00000000
0x00000240: 00000000 00000000 00000000 00000000
0x00000250: 00000000 00000000 00000000 00000000
0x00000260: 00000000 00000000 00000000 00000000
0x00000270: 00000000 00000000 00000000 00000000
0x00000280: 00000000 00000000 00000000 00000000
0x00000290: 00000000 00000000 00000000 00000000
0x000002a0: 00000000 00000000 00000000 00000000
0x000002b0: 00000000 00000000 00000000 00000000
0x000002c0: 00000000 00000000 00000000 00000000
0x000002d0: 00000000 00000000 00000000 00000000
0x000002e0: 00000000 00000000 00000000 00000000
0x000002f0: 00000000 00000000 00000000 00000000
0x00000300: 00000000 00000000 00000000 00000000
0x00000310: 00000000 00000000 00000000 00000000
0x00000320: 00000000 00000000 00000000 00000000
0x00000330: 00000000 00000000 00000000 00000000
0x00000340: 00000000 00000000 00000000 00000000
0x00000350: 00000000 00000000 00000000 00000000
0x00000360: 00000000 00000000 00000000 00000000
0x00000370: 00000000 00000000 00000000 00000000
0x00000380: 00000000 00000000 00000000 00000000
0x00000390: 00000000 00000000 00000000 00000000
0x000003a0: 00000000 00000000 00000000 00000000
0x000003b0: 00000000 00000000 00000000 00000000
0x000003c0: 00000000 00000000 00000000 00000000
0x000003d0: 00000000 00000000 00000000 00000000
0x000003e0: 00000000 00000000 00000000 00000000
0x000003f0: 00000000 00000000 00000000 00000000
0x00000400: 00000000 00000000 00000000 00000000
0x00000410: 00000000 00000000 00000000 00000000
0x00000420: 00000000 00000000 00000000 00000000
0x00000430: 00000000 00000000 00000000 00000000
0x00000440: 00000000 00000000 00000000 00000000
0x00000450: 00000000 00000000 00000000 00000000
0x00000460: 00000000 00000000 00000000 00000000
0x00000470: 00000000 00000000 00000000 00000000
0x00000480: 00000000 00000000 00000000 00000000
0x00000490: 00000000 00000000 00000000 00000000
0x000004a0: 00000000 00000000 00000000 00000000
0x000004b0: 00000000 00000000 00000000 00000000
0x000004c0: 00000000 00000000 00000000 00000000
0x000004d0: 00000000 00000000 00000000 00000000
0x000004e0: 00000000 00000000 00000000 00000000
===== sample 11 1778905025958 =====
--- /sys/kernel/thermal/apu_info
666666666,666666666,666666666
--- /sys/kernel/thermal/is_apu_limit
0
--- /sys/kernel/thermal/apu_atc
666666666,666666666,666666666
--- /sys/class/devfreq/soc:mdla-devfreq/cur_freq
900000000
--- /sys/class/devfreq/soc:mdla-devfreq/available_frequencies
330000000 500000000 615000000 755000000 900000000 1000000000 1100000000
--- /sys/class/devfreq/soc:mdla-devfreq/trans_stat
     From  :   To
           : 330000000 500000000 615000000 755000000 90000000010000000001100000000   time(ms)
  330000000:         0         0         0         0         0         0         0         0
  500000000:         0         0         0         0         0         0         0         0
  615000000:         0         0         0         0         0         0         0         0
  755000000:         0         0         0         0         0         0         0         0
* 900000000:         0         0         0         0         0         0         0         0
 1000000000:         0         0         0         0         0         0         0         0
 1100000000:         0         0         0         0         0         0         0         0
Total transition : 0
--- /sys/kernel/debug/mdla/mdla_memory
------- dump debug info  -------
0x00000000: 00000000 00000000 00000000 00000000
0x00000010: 00000000 00000000 00000000 00000000
0x00000020: 00000000 00000000 00000000 00000000
0x00000030: 00000000 00000000 00000000 00000000
0x00000040: 00000000 00000000 00000000 00000000
0x00000050: 00000000 00000000 00000000 00000000
0x00000060: 00000000 00000000 00000000 00000000
0x00000070: 00000000 00000000 00000000 00000000
0x00000080: 00000000 00000000 00000000 00000000
0x00000090: 00000000 00000000 00000000 00000000
0x000000a0: 00000000 00000000 00000000 00000000
0x000000b0: 00000000 00000000 00000000 00000000
0x000000c0: 00000000 00000000 00000000 00000000
0x000000d0: 00000000 00000000 00000000 00000000
0x000000e0: 00000000 00000000 00000000 00000000
0x000000f0: 00000000 00000000 00000000 00000000
0x00000100: 00000000 00000000 00000000 00000000
0x00000110: 00000000 00000000 00000000 00000000
0x00000120: 00000000 00000000 00000000 00000000
0x00000130: 00000000 00000000 00000000 00000000
0x00000140: 00000000 00000000 00000000 00000000
0x00000150: 00000000 00000000 00000000 00000000
0x00000160: 00000000 00000000 00000000 00000000
0x00000170: 00000000 00000000 00000000 00000000
0x00000180: 00000000 00000000 00000000 00000000
0x00000190: 00000000 00000000 00000000 00000000
0x000001a0: 00000000 00000000 00000000 00000000
0x000001b0: 00000000 00000000 00000000 00000000
0x000001c0: 00000000 00000000 00000000 00000000
0x000001d0: 00000000 00000000 00000000 00000000
0x000001e0: 00000000 00000000 00000000 00000000
0x000001f0: 00000000 00000000 00000000 00000000
0x00000200: 00000000 00000000 00000000 00000000
0x00000210: 00000000 00000000 00000000 00000000
0x00000220: 00000000 00000000 00000000 00000000
0x00000230: 00000000 00000000 00000000 00000000
0x00000240: 00000000 00000000 00000000 00000000
0x00000250: 00000000 00000000 00000000 00000000
0x00000260: 00000000 00000000 00000000 00000000
0x00000270: 00000000 00000000 00000000 00000000
0x00000280: 00000000 00000000 00000000 00000000
0x00000290: 00000000 00000000 00000000 00000000
0x000002a0: 00000000 00000000 00000000 00000000
0x000002b0: 00000000 00000000 00000000 00000000
0x000002c0: 00000000 00000000 00000000 00000000
0x000002d0: 00000000 00000000 00000000 00000000
0x000002e0: 00000000 00000000 00000000 00000000
0x000002f0: 00000000 00000000 00000000 00000000
0x00000300: 00000000 00000000 00000000 00000000
0x00000310: 00000000 00000000 00000000 00000000
0x00000320: 00000000 00000000 00000000 00000000
0x00000330: 00000000 00000000 00000000 00000000
0x00000340: 00000000 00000000 00000000 00000000
0x00000350: 00000000 00000000 00000000 00000000
0x00000360: 00000000 00000000 00000000 00000000
0x00000370: 00000000 00000000 00000000 00000000
0x00000380: 00000000 00000000 00000000 00000000
0x00000390: 00000000 00000000 00000000 00000000
0x000003a0: 00000000 00000000 00000000 00000000
0x000003b0: 00000000 00000000 00000000 00000000
0x000003c0: 00000000 00000000 00000000 00000000
0x000003d0: 00000000 00000000 00000000 00000000
0x000003e0: 00000000 00000000 00000000 00000000
0x000003f0: 00000000 00000000 00000000 00000000
0x00000400: 00000000 00000000 00000000 00000000
0x00000410: 00000000 00000000 00000000 00000000
0x00000420: 00000000 00000000 00000000 00000000
0x00000430: 00000000 00000000 00000000 00000000
0x00000440: 00000000 00000000 00000000 00000000
0x00000450: 00000000 00000000 00000000 00000000
0x00000460: 00000000 00000000 00000000 00000000
0x00000470: 00000000 00000000 00000000 00000000
0x00000480: 00000000 00000000 00000000 00000000
0x00000490: 00000000 00000000 00000000 00000000
0x000004a0: 00000000 00000000 00000000 00000000
0x000004b0: 00000000 00000000 00000000 00000000
0x000004c0: 00000000 00000000 00000000 00000000
0x000004d0: 00000000 00000000 00000000 00000000
0x000004e0: 00000000 00000000 00000000 00000000
===== sample 12 1778905030759 =====
--- /sys/kernel/thermal/apu_info
666666666,666666666,666666666
--- /sys/kernel/thermal/is_apu_limit
0
--- /sys/kernel/thermal/apu_atc
666666666,666666666,666666666
--- /sys/class/devfreq/soc:mdla-devfreq/cur_freq
900000000
--- /sys/class/devfreq/soc:mdla-devfreq/available_frequencies
330000000 500000000 615000000 755000000 900000000 1000000000 1100000000
--- /sys/class/devfreq/soc:mdla-devfreq/trans_stat
     From  :   To
           : 330000000 500000000 615000000 755000000 90000000010000000001100000000   time(ms)
  330000000:         0         0         0         0         0         0         0         0
  500000000:         0         0         0         0         0         0         0         0
  615000000:         0         0         0         0         0         0         0         0
  755000000:         0         0         0         0         0         0         0         0
* 900000000:         0         0         0         0         0         0         0         0
 1000000000:         0         0         0         0         0         0         0         0
 1100000000:         0         0         0         0         0         0         0         0
Total transition : 0
--- /sys/kernel/debug/mdla/mdla_memory
------- dump debug info  -------
0x00000000: 00000000 00000000 00000000 00000000
0x00000010: 00000000 00000000 00000000 00000000
0x00000020: 00000000 00000000 00000000 00000000
0x00000030: 00000000 00000000 00000000 00000000
0x00000040: 00000000 00000000 00000000 00000000
0x00000050: 00000000 00000000 00000000 00000000
0x00000060: 00000000 00000000 00000000 00000000
0x00000070: 00000000 00000000 00000000 00000000
0x00000080: 00000000 00000000 00000000 00000000
0x00000090: 00000000 00000000 00000000 00000000
0x000000a0: 00000000 00000000 00000000 00000000
0x000000b0: 00000000 00000000 00000000 00000000
0x000000c0: 00000000 00000000 00000000 00000000
0x000000d0: 00000000 00000000 00000000 00000000
0x000000e0: 00000000 00000000 00000000 00000000
0x000000f0: 00000000 00000000 00000000 00000000
0x00000100: 00000000 00000000 00000000 00000000
0x00000110: 00000000 00000000 00000000 00000000
0x00000120: 00000000 00000000 00000000 00000000
0x00000130: 00000000 00000000 00000000 00000000
0x00000140: 00000000 00000000 00000000 00000000
0x00000150: 00000000 00000000 00000000 00000000
0x00000160: 00000000 00000000 00000000 00000000
0x00000170: 00000000 00000000 00000000 00000000
0x00000180: 00000000 00000000 00000000 00000000
0x00000190: 00000000 00000000 00000000 00000000
0x000001a0: 00000000 00000000 00000000 00000000
0x000001b0: 00000000 00000000 00000000 00000000
0x000001c0: 00000000 00000000 00000000 00000000
0x000001d0: 00000000 00000000 00000000 00000000
0x000001e0: 00000000 00000000 00000000 00000000
0x000001f0: 00000000 00000000 00000000 00000000
0x00000200: 00000000 00000000 00000000 00000000
0x00000210: 00000000 00000000 00000000 00000000
0x00000220: 00000000 00000000 00000000 00000000
0x00000230: 00000000 00000000 00000000 00000000
0x00000240: 00000000 00000000 00000000 00000000
0x00000250: 00000000 00000000 00000000 00000000
0x00000260: 00000000 00000000 00000000 00000000
0x00000270: 00000000 00000000 00000000 00000000
0x00000280: 00000000 00000000 00000000 00000000
0x00000290: 00000000 00000000 00000000 00000000
0x000002a0: 00000000 00000000 00000000 00000000
0x000002b0: 00000000 00000000 00000000 00000000
0x000002c0: 00000000 00000000 00000000 00000000
0x000002d0: 00000000 00000000 00000000 00000000
0x000002e0: 00000000 00000000 00000000 00000000
0x000002f0: 00000000 00000000 00000000 00000000
0x00000300: 00000000 00000000 00000000 00000000
0x00000310: 00000000 00000000 00000000 00000000
0x00000320: 00000000 00000000 00000000 00000000
0x00000330: 00000000 00000000 00000000 00000000
0x00000340: 00000000 00000000 00000000 00000000
0x00000350: 00000000 00000000 00000000 00000000
0x00000360: 00000000 00000000 00000000 00000000
0x00000370: 00000000 00000000 00000000 00000000
0x00000380: 00000000 00000000 00000000 00000000
0x00000390: 00000000 00000000 00000000 00000000
0x000003a0: 00000000 00000000 00000000 00000000
0x000003b0: 00000000 00000000 00000000 00000000
0x000003c0: 00000000 00000000 00000000 00000000
0x000003d0: 00000000 00000000 00000000 00000000
0x000003e0: 00000000 00000000 00000000 00000000
0x000003f0: 00000000 00000000 00000000 00000000
0x00000400: 00000000 00000000 00000000 00000000
0x00000410: 00000000 00000000 00000000 00000000
0x00000420: 00000000 00000000 00000000 00000000
0x00000430: 00000000 00000000 00000000 00000000
0x00000440: 00000000 00000000 00000000 00000000
0x00000450: 00000000 00000000 00000000 00000000
0x00000460: 00000000 00000000 00000000 00000000
0x00000470: 00000000 00000000 00000000 00000000
0x00000480: 00000000 00000000 00000000 00000000
0x00000490: 00000000 00000000 00000000 00000000
0x000004a0: 00000000 00000000 00000000 00000000
0x000004b0: 00000000 00000000 00000000 00000000
0x000004c0: 00000000 00000000 00000000 00000000
0x000004d0: 00000000 00000000 00000000 00000000
0x000004e0: 00000000 00000000 00000000 00000000
